9.776835483895350565e-02
1.694359280935968104e-01
7.924050741335954273e-02
7.697349601075603731e-02
6.199358837530474092e-02
5.789769725557490643e-02
5.612347373524651656e-02
3.191455409718805397e-02
1.117874717274363605e-01
7.367455619406622358e-02
1.151533172942469374e-01
1.002591765969410020e-01
1.123175993478266466e-01
1.731911371287551404e-01
3.137537300722476746e-02
9.332457314991311759e-02
5.359663092955663233e-02
7.862642943270119200e-02
1.033517560071428587e-01
1.728526753908185554e-02
1.099051185672097614e-01
8.599997292077352085e-02
5.189800422530738838e-02
1.186552321312400460e-01
1.231143068202956992e-01
3.748307167851314819e-02
6.790019983045871010e-02
4.938433309563182438e-02
5.582627620722500905e-02
9.528190243542355997e-02
1.037174108862908006e-01
9.365126374246539320e-02
8.532400113949160925e-02
1.767567067352393551e-01
7.290881073999079531e-02
1.247674605953993793e-01
1.184972854439305667e-01
9.714968799001294508e-02
1.188810208021668924e-01
9.166750930751002557e-02
5.874990189437945265e-02
1.162399664308960412e-01
1.872782367316898899e-01
7.067257423960489338e-02
3.713714911058411949e-02
9.121964264991035132e-02
1.315920683665489366e-01
1.566275549670879397e-01
1.116703419701764455e-01
1.590756387318189580e-01
1.457477059909976225e-01
5.138331435414920240e-02
1.059377461555306571e-01
1.136054064781793077e-01
3.446536562676411064e-02
1.011479840086260545e-01
2.130449997607014034e-01
2.083642855059858190e-01
1.026250079479686522e-01
1.136072084616266825e-01
1.068439682287888881e-01
2.931485736699615194e-02
1.049836880465946504e-01
6.712217320881931626e-02
1.571810763602244643e-01
7.116893834937626506e-02
1.342949276570021000e-01
9.277162512452495624e-02
1.530280721270968480e-01
1.616604629287920203e-01
1.064237449381190831e-01
9.683366867531008337e-02
2.987659374261726619e-02
2.066306045410180869e-01
1.203833366140955596e-01
1.120160432840462822e-01
4.683912373754442471e-02
1.956926632923364773e-01
1.130224116942456641e-01
1.730530620017106391e-01
1.172473117196019127e-01
1.527411715013942406e-01
4.881781678392424495e-02
1.661821887164750822e-01
1.207305769227428466e-01
5.658753420241628695e-02
1.584342384680704763e-01
9.749143997423466435e-02
1.613176428128581530e-01
1.567717872392348222e-01
7.488774772246367673e-02
1.451421628947959647e-02
4.283443147116172689e-02
1.101799627347660737e-01
1.284316865390182916e-01
6.077297220212535267e-02
1.430913490386840348e-01
2.965586373196826483e-02
7.423453063560567222e-02
1.047457104371617015e-01
4.505951206101938000e-02
2.042241283188679646e-01
2.207529020909492490e-01
2.042348520394896561e-01
1.174423910712412977e-01
1.024708926349162386e-01
3.850719841865000992e-02
3.738515517458228937e-02
1.606056925644754607e-01
1.343048878372943566e-01
1.438413048502768798e-01
9.473232716723149760e-02
1.650799523792268256e-02
1.308348406491542104e-01
1.130146419677901110e-01
5.343906183370621121e-02
1.873280769373048271e-01
8.733859646712625879e-02
1.404950375832682008e-01
9.441159303351590038e-02
9.726349432445735577e-02
1.356261657434681411e-01
1.411655890447461453e-02
1.232865567231614112e-01
1.730296588172919037e-01
7.239045949937647495e-02
1.003788584153885999e-01
1.196178580623550453e-01
4.097980587135098551e-02
2.242544104446892173e-01
1.269125442431933426e-01
8.467658221610209479e-02
9.894168440871521641e-02
1.363699422156255947e-01
1.138162334098274386e-01
1.491424306369173308e-02
1.104163424043285296e-01
1.119072349802215927e-01
5.486044979478445910e-02
1.117551926818149133e-01
7.117990149892348961e-02
3.401955568816120851e-02
7.767874598201336689e-02
1.192865836220473180e-01
1.004769027812991988e-01
7.864747778103616319e-03
1.711631464244531553e-01
1.077702829897044523e-01
4.805191332644481034e-02
1.797614347227992071e-01
1.688480970977422058e-01
4.069886709791224050e-02
5.465386125578555743e-02
1.608558233267899928e-01
1.142906284234172093e-01
5.204674918802772859e-02
1.265248957599196256e-01
2.010588229102135971e-01
1.704598274115273066e-02
9.361986725901860762e-02
4.432969586068659373e-02
6.002351567267077276e-02
2.063137492657570252e-02
1.377656939038131578e-01
1.014976224197883525e-01
9.710633416073703728e-02
7.543446370258860556e-02
8.145858865174517016e-02
1.088369785858584460e-01
4.027930239970961557e-02
1.684136049735153184e-01
1.201776974841683443e-01
1.153799767006119803e-01
9.355345093995945382e-02
1.245150875785669409e-01
4.589095624281223917e-02
2.100954638468121305e-01
6.607882491990775542e-02
4.607336735856452925e-02
1.503107239801905470e-01
1.185270752663633992e-01
9.089202211786245877e-02
1.395762280899469632e-01
1.378738924136858612e-01
1.329788011690287708e-01
1.247389736105380537e-01
5.236566019028986163e-02
1.815279687276888099e-01
7.690360357514459955e-02
7.260009076316328858e-02
4.185478244960599142e-02
7.908895062861581726e-02
7.055284995676705528e-02
1.504972737599072907e-01
7.145614236900886540e-02
1.659577704208992088e-01
1.277313266804531444e-01
1.875465066600875697e-01
1.100769271768332475e-01
1.323774567193933827e-01
