8.594634365906218820e-02
1.849145735623692888e-01
8.497074331619162979e-02
7.515668850341895857e-02
7.011317948420492385e-02
4.257172619843792999e-02
5.359128085760142546e-02
3.866845114415591589e-02
1.253924317249227594e-01
7.173326555730949461e-02
1.277843371775963799e-01
9.915000097735181261e-02
1.282435544228034408e-01
1.897985385227715927e-01
4.061978139642832136e-02
9.969019120867177175e-02
6.983136355455557553e-02
9.251853810093349506e-02
1.002680794862028102e-01
2.261412126170926629e-02
1.006876054018813471e-01
7.391217180535272768e-02
6.123428220286496887e-02
1.311603270571628232e-01
1.297213751377344904e-01
3.394285831504009060e-02
5.660572378337473676e-02
6.460955429701188690e-02
5.971009390086570029e-02
1.038577893325104418e-01
9.313573890136388200e-02
1.090367888429899512e-01
1.008571550541403211e-01
1.834132711401272875e-01
8.514782832538914104e-02
1.425269084787051110e-01
1.355223615029951811e-01
1.150236280268964739e-01
1.349333491070476287e-01
9.628724076251847508e-02
6.163676216783355033e-02
1.084352740778772445e-01
2.013105513523958667e-01
8.278107826977616768e-02
4.658273077956664315e-02
9.236373671437943245e-02
1.354950122621102482e-01
1.674969867297832482e-01
1.021360534481757371e-01
1.722501677481285409e-01
1.593826490570605658e-01
5.601637020385227123e-02
1.180591859582406644e-01
1.021410054040887416e-01
3.904117874134740290e-02
1.106803366057487192e-01
2.218020565246376363e-01
2.215999252281801168e-01
1.204129167962780383e-01
1.310454917736386948e-01
1.180298407792864240e-01
3.090770034156015145e-02
1.169139586656669505e-01
7.346760376207521481e-02
1.737148552933599210e-01
8.639211562292306579e-02
1.418769908002280311e-01
1.042532333436058112e-01
1.625347654244477247e-01
1.773242719499041886e-01
1.013346407078650480e-01
1.096801735563286417e-01
3.578035784277203840e-02
2.173364204141162159e-01
1.141328860051290112e-01
1.181630785373802700e-01
4.726769199634611729e-02
2.101587642605384221e-01
1.093616725544819396e-01
1.820011279447461827e-01
1.344867845227288861e-01
1.668838140054432484e-01
6.534758446838639934e-02
1.827609166167279697e-01
1.368251107947227596e-01
5.826934276576203192e-02
1.675682830313760530e-01
9.919531689292387933e-02
1.685766582623774157e-01
1.675364011189260371e-01
8.576969353211062741e-02
1.539544004664168166e-02
5.904018458956747373e-02
1.067860339628112915e-01
1.437917939370844944e-01
6.571775318641745467e-02
1.602043899620621548e-01
1.485695385772057252e-02
9.017545383931978298e-02
9.630729865724833860e-02
5.386799470494686021e-02
2.130143582066345298e-01
2.289852615022883731e-01
2.138417291175723767e-01
1.116377483049816599e-01
9.893186250937266446e-02
4.398284098349732052e-02
3.080093810154057796e-02
1.752533870695861529e-01
1.497582928281697701e-01
1.509418236978573302e-01
1.116907353868032970e-01
2.007700154273707807e-02
1.300743352340602010e-01
1.251558065978298495e-01
5.973675067181920262e-02
1.963687647581880136e-01
1.024788730817201843e-01
1.426114931958918364e-01
1.053927858325027916e-01
9.536690124363049470e-02
1.531156787750436454e-01
1.534255338619836158e-02
1.398329137843548620e-01
1.850831479972045446e-01
8.967709467185976113e-02
1.136616062801256433e-01
1.135207758659505933e-01
5.892323975344862519e-02
2.317639259072355740e-01
1.333579310902196779e-01
9.941898818318339881e-02
9.369649058029878852e-02
1.538429792676324626e-01
1.300727946604948726e-01
1.458482364805006003e-02
1.245295566287328293e-01
1.290525566497163490e-01
5.821536434904128060e-02
1.290453035722234909e-01
8.245131902700275628e-02
5.143559915299308199e-02
8.208901968171795904e-02
1.354097605925630443e-01
8.797100388760886736e-02
1.299344530447309708e-02
1.850319198497496209e-01
9.640470208786759698e-02
3.767637435750814667e-02
1.860606671501340570e-01
1.786194775962944292e-01
5.400684481096363482e-02
6.839751520147881181e-02
1.688668330122669592e-01
1.202000689898598124e-01
5.460119482607155017e-02
1.369022172364960654e-01
2.126729554020942714e-01
7.737671343497881833e-03
1.077976808565015016e-01
4.980518842591483836e-02
6.798021143306134939e-02
1.984011141793404209e-02
1.547495774785627720e-01
1.086469931714756226e-01
1.118811680660035252e-01
6.890805108683656366e-02
9.625392217986676602e-02
1.169319505735910147e-01
5.122911242377433533e-02
1.840921016289144840e-01
1.080299390664190978e-01
1.330817467975544399e-01
1.112623354125695935e-01
1.374690829519848723e-01
5.686011777487005175e-02
2.236202784953196798e-01
7.631510536486166285e-02
3.721229511666380996e-02
1.673123285150290296e-01
1.270863975642750610e-01
1.075510874196761030e-01
1.555521077020491916e-01
1.535575292953152704e-01
1.493494847893785116e-01
1.360915469777008446e-01
5.733247803139407406e-02
1.957428839114757901e-01
8.817621696873979842e-02
7.972392401721470345e-02
3.066454050707116338e-02
9.573342566178628943e-02
8.542222723303323495e-02
1.617431322113302428e-01
8.175030723225940044e-02
1.824887036564779019e-01
1.434476332465048909e-01
2.021737734352352100e-01
1.152382412767887776e-01
1.416272188590026460e-01
