7.490379483495548940e-02
1.899832826796017948e-01
7.109111794710584742e-02
6.319014200305315965e-02
8.299236078234642489e-02
5.272430637644812124e-02
3.916237175673425303e-02
2.626867392492316863e-02
1.252022903846734259e-01
8.794090992999191447e-02
1.182898035715008872e-01
1.148486649465499387e-01
1.348811663274843697e-01
1.913357582861915374e-01
5.301793334503164534e-02
8.476134092026729738e-02
7.634869724163378946e-02
1.024758535058856168e-01
8.538492961655201607e-02
2.523694503845686984e-02
8.722995245208546577e-02
7.553037755799542341e-02
4.874094190936732740e-02
1.324564864861403901e-01
1.257236649451365373e-01
2.487404829446381721e-02
4.360980301606129372e-02
7.383375430263156014e-02
7.459377504381270452e-02
1.119403086897848149e-01
9.283937295820725299e-02
1.056528819430383181e-01
9.278529878930905084e-02
1.728174027554000292e-01
8.280236813672758878e-02
1.458533572604756856e-01
1.311053007975329643e-01
1.153592638943160831e-01
1.427664344862142332e-01
1.117299218016696016e-01
4.600537706949302252e-02
9.578956799189547455e-02
2.093918553301449825e-01
7.169501333374228569e-02
3.556558301367251929e-02
7.858112503356422252e-02
1.294541571102422739e-01
1.577311819778460800e-01
9.674895993684677620e-02
1.681856695401711121e-01
1.684504904417984394e-01
4.185909079383438175e-02
1.300072776781266704e-01
9.154178428653915456e-02
2.607558920718040102e-02
1.104170104423047444e-01
2.143025286374143634e-01
2.170532844591870347e-01
1.252137190804640254e-01
1.270718122674802664e-01
1.124774245893010727e-01
2.461439300242275127e-02
1.191216912620438884e-01
8.133876593709650493e-02
1.788626052435018932e-01
8.524545968647767591e-02
1.550601475323604983e-01
1.165170399187607508e-01
1.756274257297313901e-01
1.817175231546238612e-01
8.713387731823209192e-02
1.031714415259902123e-01
5.007613278396202960e-02
2.101297875595424802e-01
9.927829168406572535e-02
1.034090554916377441e-01
4.670594706856160544e-02
2.178493473422720705e-01
9.451620051131993938e-02
1.729419187957893789e-01
1.406876808360148778e-01
1.759193064011625729e-01
6.890637502073579390e-02
1.873945010394416077e-01
1.427157892287710395e-01
6.151476105224603502e-02
1.806245374469641063e-01
8.352038707631945225e-02
1.565213184271035396e-01
1.597876745733367576e-01
8.184716319166261689e-02
2.963031474357406131e-02
5.356385760512514388e-02
1.007819342909767046e-01
1.492962885638429715e-01
5.069296697656840156e-02
1.631664536493070972e-01
2.993607993090933311e-02
9.457258551446269534e-02
8.281118931394745863e-02
4.154556847480674053e-02
2.050986760150281529e-01
2.205208001496791193e-01
2.064040139324811729e-01
1.045046398219284384e-01
9.425707563978082126e-02
3.321660001095768505e-02
4.723177909935135504e-02
1.695150580733995882e-01
1.580023771006153210e-01
1.391638211436491412e-01
1.084174120608671354e-01
3.341372689970852766e-02
1.152845767276858835e-01
1.365048878622927564e-01
7.359142146774623472e-02
1.880531988602568982e-01
9.830515241874270005e-02
1.340147858160699312e-01
1.170866528757753405e-01
8.896020168747213741e-02
1.560871061914441416e-01
1.884704841227150679e-02
1.460987326510435058e-01
1.781123086510316422e-01
8.526858990611776989e-02
1.245772277267338801e-01
1.080518931312972469e-01
6.430512273902573572e-02
2.235534413000021259e-01
1.237676768500892699e-01
1.002461208760589834e-01
1.064029199451297508e-01
1.524040641455305933e-01
1.249662564960153932e-01
1.039442468823120053e-02
1.191904521184549703e-01
1.349665897619344301e-01
6.357153351809625985e-02
1.265557298885623405e-01
7.163717053930776513e-02
5.373580768169315680e-02
8.032910870895766664e-02
1.324171477872494729e-01
7.849161307018499845e-02
2.321807736647643616e-02
1.943415043466776015e-01
8.764997778725851230e-02
5.336368388252267503e-02
1.752490161794307832e-01
1.682652850289409474e-01
6.368659573294321863e-02
7.357689032515256355e-02
1.824296766485065668e-01
1.093770520176065297e-01
5.135718551378478519e-02
1.276994272026564792e-01
2.231383041609864559e-01
1.366797799729616882e-02
1.143037476185119472e-01
6.421478565606725253e-02
8.107164597856685029e-02
3.444707719870315765e-02
1.545836539313261704e-01
9.896653252518536337e-02
1.169250261148677139e-01
5.351677254610672646e-02
9.118812708502611886e-02
1.072572915733394500e-01
4.482059186485522206e-02
1.818550955992962459e-01
1.013137494936867528e-01
1.359634206683163482e-01
1.077618948052764952e-01
1.280711898303988072e-01
4.592980841407353493e-02
2.198511263805281724e-01
8.914295988072656884e-02
5.284575862874345276e-02
1.719242963392655921e-01
1.409311972206838681e-01
1.145604067927506742e-01
1.630168801229947007e-01
1.489850027780055264e-01
1.541834620778583520e-01
1.485198626725898474e-01
4.252826514325537544e-02
1.906185843142466363e-01
7.878519219935237183e-02
9.343578226085810789e-02
1.988019975828883221e-02
1.031041555233810775e-01
9.279881423829292042e-02
1.729557531483498223e-01
9.298444879548369013e-02
1.828478763875094337e-01
1.506613140364419234e-01
1.978325306415218143e-01
1.290565973655609933e-01
1.543593455289750949e-01
