1.130495615087628580e-01
1.555111232965477042e-01
8.853877233668253077e-02
8.826997417763654541e-02
5.010167245144895448e-02
6.481838188352979924e-02
6.995165673224984504e-02
4.458681479476010734e-02
1.040704250821281457e-01
6.575410007167299675e-02
1.162642891175815485e-01
9.090875851237689709e-02
9.711203972124711481e-02
1.615397155940682117e-01
2.101379016999141425e-02
1.029828162964453175e-01
3.882099884536154705e-02
6.209663315413070650e-02
1.167152545665075813e-01
2.612311979200760900e-02
1.253638453295107258e-01
9.408541844371867691e-02
6.108208702644942617e-02
1.101919916245997499e-01
1.226875543101756116e-01
5.034887519922420090e-02
8.434954198894534239e-02
3.303268796863817469e-02
4.444019079262460231e-02
8.414381165489402681e-02
1.115442891679307713e-01
8.832290095155205523e-02
8.533815685924110717e-02
1.807703997538781804e-01
6.944843608266586255e-02
1.114003816292919447e-01
1.127322872809665699e-01
8.681641810628659695e-02
1.028113194514099771e-01
7.851379649417675188e-02
7.160192292158094884e-02
1.302820441928656814e-01
1.718361715388603272e-01
7.571028769455960539e-02
4.684505646252750538e-02
1.020056077503439240e-01
1.341888376386851378e-01
1.579861334090760239e-01
1.219387368432225671e-01
1.542248288619793017e-01
1.298849558135425353e-01
6.392787251128179138e-02
8.947562798338037915e-02
1.283042254179030950e-01
4.816206574185774580e-02
9.639514634575462038e-02
2.130120203221210207e-01
2.034205027386120357e-01
8.825419494163887213e-02
1.073767137087073137e-01
1.054252182261281173e-01
4.052352622013079275e-02
9.637227855981378433e-02
5.896839730527759366e-02
1.427041272356888990e-01
6.472633199489953582e-02
1.195099649718895790e-01
7.635029355739256229e-02
1.370608371527869962e-01
1.482047175695950236e-01
1.202360576174645729e-01
9.567406481725936052e-02
2.083578315443900680e-02
2.053243555842355073e-01
1.352396291200634593e-01
1.209619047508885409e-01
5.189119062987228997e-02
1.802873230257786841e-01
1.265444087543517726e-01
1.745904374312997609e-01
1.020133787690086502e-01
1.366277453251646679e-01
3.764051993527198214e-02
1.520557239683361650e-01
1.060057711648579593e-01
5.685052874974186321e-02
1.426740651838716012e-01
1.094226054160070127e-01
1.664289277463149586e-01
1.564318938605818166e-01
7.358071766972590355e-02
2.015180982075697597e-02
4.366848845450117811e-02
1.174117556856138916e-01
1.143951452817896369e-01
7.269308690458563260e-02
1.301730681175667648e-01
3.824511771715545516e-02
6.148274857028018098e-02
1.198076246574247966e-01
5.480012288877850191e-02
2.045867085728994561e-01
2.217515539828826820e-01
2.037470693486879703e-01
1.266514911852159031e-01
1.090701606891826825e-01
5.078238289232089170e-02
3.784748169061102202e-02
1.564263452815777000e-01
1.181424481015596883e-01
1.490402637090837978e-01
8.847461830028417740e-02
1.937702692070276608e-02
1.426728791072027769e-01
9.655730538817361430e-02
4.258096448508564419e-02
1.880385915150307730e-01
8.314542454185185061e-02
1.459075741622484768e-01
7.847941982999023791e-02
1.042710483384338693e-01
1.225831480511145183e-01
2.854806765549711481e-02
1.080554070221550755e-01
1.711220129138283086e-01
6.830161150861464858e-02
8.368631909051335582e-02
1.278362779625776269e-01
2.718405872005500920e-02
2.254247150961351531e-01
1.309547324884205721e-01
7.600637269074088376e-02
9.470470378103984510e-02
1.272508377319274131e-01
1.091399539565883481e-01
3.121583544206113156e-02
1.070847742845773137e-01
9.678833597806016376e-02
5.235404359418131121e-02
1.041219491188227070e-01
7.604531362699577801e-02
2.813173501352395425e-02
7.845171720008158045e-02
1.125207731990859050e-01
1.151183541857771636e-01
2.036392871475915800e-02
1.549967262943369173e-01
1.212487575780781812e-01
4.976744589308506467e-02
1.841153328661380706e-01
1.711124339045261844e-01
2.519630117263246816e-02
4.357692912138847602e-02
1.454978673717430837e-01
1.198851571488722401e-01
5.709274383070381265e-02
1.281775312579564174e-01
1.853292364162777706e-01
3.236409664549273063e-02
7.974336871614029487e-02
3.412159393226429221e-02
4.592462446050591535e-02
2.402676612312351981e-02
1.276886735184383503e-01
1.058900945082387884e-01
8.411831303188932463e-02
9.109674363011062426e-02
7.858363959496840467e-02
1.125125747588440472e-01
4.486152268741613880e-02
1.605179258016555532e-01
1.326866078855059583e-01
1.024836478842615778e-01
8.733221640119878670e-02
1.251549131593215625e-01
5.367232789197515230e-02
2.043256520691915101e-01
5.115027145289048616e-02
4.674494892719359418e-02
1.360689917073788502e-01
1.029231479972268076e-01
7.520755344066022696e-02
1.237093586085161595e-01
1.324563923243622376e-01
1.189196470884510692e-01
1.082804533973139444e-01
6.461958472529674702e-02
1.767885294190212342e-01
8.007120018572086440e-02
6.025831942190681273e-02
5.736515285553599186e-02
6.332543963362656514e-02
5.562859505183830738e-02
1.345673154727370646e-01
5.659787631640027239e-02
1.553915278397561273e-01
1.121493857790143572e-01
1.818555442519175225e-01
9.680111948124255072e-02
1.167829821814045793e-01
