1.272206129907097472e-01
1.616881230420531834e-01
1.216558090551728699e-01
1.112995147181099348e-01
4.358432756760206861e-02
5.215489810507607793e-02
9.581651306657491818e-02
7.836913229625397381e-02
1.215882278740184896e-01
2.728094385447435433e-02
1.497158895521507327e-01
5.414868342273940899e-02
1.040601924718085880e-01
1.766408954606936421e-01
3.047308878202208832e-02
1.388345386813256421e-01
5.637391980896937216e-02
6.205961498671595800e-02
1.424053252519135726e-01
5.004688128098529892e-02
1.444801282139344667e-01
8.922585712351935316e-02
9.794828864591584305e-02
1.227245120573478843e-01
1.385718282035435789e-01
7.205177222730559106e-02
1.028520146667360330e-01
4.624530700398865601e-02
1.418769585284574732e-02
7.842294671861869959e-02
1.084579960881185967e-01
1.159144296199079854e-01
1.228060497629440972e-01
2.073036567473008907e-01
9.311932444803502906e-02
1.276247093217039719e-01
1.432346782865329959e-01
1.113092632182827030e-01
1.076535499192557838e-01
4.977551642770871448e-02
1.043354439890584046e-01
1.486828107983824698e-01
1.690687608171638767e-01
1.133511486151296405e-01
8.206123113848362571e-02
1.299118233237882003e-01
1.506701325145265447e-01
1.883175981036666058e-01
1.275823930504924320e-01
1.762943447762798932e-01
1.257845670675283023e-01
9.815294970794449791e-02
8.029692693997740605e-02
1.413579613659224632e-01
8.105160247204049040e-02
1.099130932419834367e-01
2.351479994492465253e-01
2.251083713289662724e-01
1.039159393309404406e-01
1.381083816739307191e-01
1.303078383586495914e-01
6.522408415538252791e-02
1.073850585777572225e-01
5.583390595427879105e-02
1.510991213746237793e-01
9.061815496207496767e-02
9.769787932021595234e-02
6.549573179662744604e-02
1.183667470555988394e-01
1.563658913752069834e-01
1.432104526588338644e-01
1.249916899207746956e-01
2.033373292801361407e-02
2.292763304018545223e-01
1.585290871761249609e-01
1.558342352862934765e-01
6.589007513039334130e-02
1.788064679002486779e-01
1.516706421235180513e-01
2.008242099567583150e-01
1.129119497790987275e-01
1.332929721171463022e-01
6.226965282208896807e-02
1.611622450801650230e-01
1.141089322374271020e-01
6.300148797211185814e-02
1.232704958505330822e-01
1.409416361421602648e-01
1.967110502202858435e-01
1.827257543024180808e-01
9.795874441679726374e-02
3.529037502699116507e-02
8.152866058300801966e-02
1.284503810708040872e-01
1.214414456861099556e-01
1.074757336217025128e-01
1.446382176033826905e-01
3.968993419431538633e-02
7.765392792496692009e-02
1.394347460352419743e-01
9.050616162729439862e-02
2.277547431150463708e-01
2.451053004395909451e-01
2.269029446353961754e-01
1.373653383180211129e-01
1.182681828739576557e-01
8.394689043404170159e-02
2.425791700384027916e-02
1.838129534841627666e-01
1.198098601580807887e-01
1.789084664628847188e-01
1.183067443506634203e-01
3.522205117765139781e-02
1.700979316391673379e-01
8.687422761413657324e-02
3.247051748992040715e-02
2.126208277722674289e-01
1.123326045318593785e-01
1.649343143447575821e-01
6.687065782484126475e-02
1.180139624423122979e-01
1.381949903502344978e-01
5.343365398701737518e-02
1.162377436790501262e-01
1.970562853911702605e-01
1.030255376738106743e-01
7.851514667347275767e-02
1.353860432394646263e-01
5.529995816781734658e-02
2.474094983189871755e-01
1.565768639900557979e-01
9.579543720664260298e-02
6.481330636581034144e-02
1.515721701892147055e-01
1.398960827199596524e-01
5.702824768518990201e-02
1.351960449908201356e-01
1.079756628305049287e-01
5.607566731340039162e-02
1.317252207846394407e-01
1.117507445678371097e-01
6.265385401653345010e-02
9.194198079684437475e-02
1.386220170671209062e-01
1.264222386037133494e-01
4.362029580468226864e-02
1.500910207717934541e-01
1.315665562654161069e-01
2.891137833736217785e-02
2.106232646500173500e-01
2.009489307083906218e-01
3.627190601797802838e-02
5.909713931978326229e-02
1.234431801552949293e-01
1.474417215009115878e-01
7.519119696784433426e-02
1.576839527797858631e-01
1.738680728263311270e-01
5.265494054615380698e-02
8.566171062099350864e-02
2.337746131375925684e-02
2.904638112657293922e-02
3.395824780949689009e-02
1.484982541245457033e-01
1.333775483775173631e-01
9.380907614555807073e-02
1.151215232810227224e-01
1.093209636241541105e-01
1.407637417836595239e-01
7.683735495987219222e-02
1.820592869611321607e-01
1.386529630296370053e-01
1.201055500659171799e-01
1.191920288431926184e-01
1.585550635398680075e-01
9.050658581753778797e-02
2.247588396252277743e-01
4.288931331112217499e-02
2.531328231565554282e-02
1.467425284384169248e-01
8.214525325468571837e-02
8.553517075980038298e-02
1.275902158507409567e-01
1.599702841695723465e-01
1.288433291650425416e-01
9.533062703552755424e-02
9.896319356700679359e-02
2.016664310950263828e-01
1.132609893758841496e-01
4.695658060324710975e-02
7.504393492349771544e-02
7.512542858103862797e-02
6.436718585979413210e-02
1.220443655179183073e-01
4.747165437230410623e-02
1.730508662586960344e-01
1.164961698443787719e-01
2.055469213410262008e-01
7.060045294109731917e-02
9.847565365950404492e-02
