1.061957336184488065e-01
1.611015700361595193e-01
8.052572445902782261e-02
8.165978936651854814e-02
5.727355011410887459e-02
6.552240205731230116e-02
6.191872868052404610e-02
3.500806670532154857e-02
1.058688209574761285e-01
7.390032178315490696e-02
1.114532500607138821e-01
9.965809521642522706e-02
1.034943729726651024e-01
1.648718121280190185e-01
2.768390478034451346e-02
9.413048380727563613e-02
4.494552465303491146e-02
7.054258365789478624e-02
1.085539894887214002e-01
2.213756219728131580e-02
1.174960504747910306e-01
9.310465820578817109e-02
5.196139757080332766e-02
1.130568027788349389e-01
1.217705937483594403e-01
4.408458709746655713e-02
7.651843758504421611e-02
4.077372160037639331e-02
5.364479203534849860e-02
9.089166251043605260e-02
1.102759519015517470e-01
8.741207391075646316e-02
7.993219042431841392e-02
1.760782181050051798e-01
6.879320170702986348e-02
1.154442743303184110e-01
1.112251773969489682e-01
8.847566444726738533e-02
1.096727004177670550e-01
8.801355350383732734e-02
6.221589049062724308e-02
1.231193017009933333e-01
1.791628786745908530e-01
6.822033275455458012e-02
3.802150066341859758e-02
9.451676641926630429e-02
1.319222154638278466e-01
1.536672121372876787e-01
1.184057653579998065e-01
1.538494079861989217e-01
1.377448164002700592e-01
5.411569865912297522e-02
9.834355854632848004e-02
1.217692817468434829e-01
3.833252357089232676e-02
9.777105184519555015e-02
2.106267327635769626e-01
2.030235971779693893e-01
9.297933571149297194e-02
1.060107551396769210e-01
1.033988343364796586e-01
3.449760693449413496e-02
9.966837586646674907e-02
6.468111912144107467e-02
1.482044624870415273e-01
6.488656402662631995e-02
1.290607538262952825e-01
8.561305739279277682e-02
1.465960367848960777e-01
1.533654759409226742e-01
1.123956019167952208e-01
9.270517690450283399e-02
2.841276702476462634e-02
2.031368841937780390e-01
1.268247536306723322e-01
1.126708893439222064e-01
5.010565328271303354e-02
1.873889877233478607e-01
1.183863180343222299e-01
1.709392567837249577e-01
1.076218079282169754e-01
1.444166548167514219e-01
4.086702106228107256e-02
1.572724784548364674e-01
1.119426416306994881e-01
5.806478959825447234e-02
1.522123340722125739e-01
1.006557951040856075e-01
1.606246786849858665e-01
1.535407642955496088e-01
7.185997679452967024e-02
2.014672023630455916e-02
3.764157768296669954e-02
1.142920397407125727e-01
1.201753366528660050e-01
6.308668863893039658e-02
1.342301417207598102e-01
3.764814917157708468e-02
6.613877882287277910e-02
1.120568163703869746e-01
4.582791454696946709e-02
2.018847150814742641e-01
2.187453667109123256e-01
2.013804167444808446e-01
1.227380465281564526e-01
1.065520199518872752e-01
4.123723910178341695e-02
4.155350863614093448e-02
1.548192739779648552e-01
1.253675805205890781e-01
1.433003089789820772e-01
8.743689018957581660e-02
2.002788513649611871e-02
1.347245297826680233e-01
1.055395395245631723e-01
4.997723281011778873e-02
1.849824205990898973e-01
8.148289665621592792e-02
1.420515872833809923e-01
8.772300880471062268e-02
1.009014755594442453e-01
1.265367479242454352e-01
2.174701737105121449e-02
1.141122548580157103e-01
1.688770436495954375e-01
6.532648313468762680e-02
9.231942888479910403e-02
1.247964869211390243e-01
3.124735195878567545e-02
2.225767782218259494e-01
1.265203597421019066e-01
7.809734451210602335e-02
1.010620397712985452e-01
1.281796616851893778e-01
1.071844407722787884e-01
2.367418001693566421e-02
1.051710685873353951e-01
1.024304732402252782e-01
5.513771964166921252e-02
1.039803520331162301e-01
6.918803796216244084e-02
2.594936712983589994e-02
7.785674390678122558e-02
1.123100439195193756e-01
1.089850666512333921e-01
1.613857414104224661e-02
1.629120163274723199e-01
1.157095556872648895e-01
5.328785131370207540e-02
1.792880774701343660e-01
1.665164365206950048e-01
3.389444061204923558e-02
4.831586329617108821e-02
1.551667538750778341e-01
1.144951309372784637e-01
5.438036207776254100e-02
1.239529993646220074e-01
1.938430104026044321e-01
2.645224355923434661e-02
8.607382792589157727e-02
4.175133272722054284e-02
5.554406707584307740e-02
2.496258108813455279e-02
1.296289283816535187e-01
1.010401988526159894e-01
8.947262789611742928e-02
8.245220353694927840e-02
7.607926280922797102e-02
1.077733419779407231e-01
3.923439428102187820e-02
1.613712181805874724e-01
1.281237706920060893e-01
1.062108582537636403e-01
8.580349043082373395e-02
1.205313171172289199e-01
4.513875993290246413e-02
2.044537298965520555e-01
5.989866552517304765e-02
5.081022679959545235e-02
1.411631746961784228e-01
1.126469190368589307e-01
8.153105099807479716e-02
1.304722257896459847e-01
1.313652942859969142e-01
1.242143732503300096e-01
1.174381666063215174e-01
5.500333666605467658e-02
1.758105743855743752e-01
7.454706761181809083e-02
6.808098465610075423e-02
5.071462139667447244e-02
6.966936205509260960e-02
6.252222976668114773e-02
1.434592303817190939e-01
6.562485339771692572e-02
1.579260700731517642e-01
1.188744791411969065e-01
1.814389441431316363e-01
1.062915966089417324e-01
1.262686705424358735e-01
