1.058759996566327188e-01
1.618651451167779642e-01
8.268345082257738676e-02
8.236388049014778390e-02
5.598286322823492478e-02
6.266788877596322915e-02
6.273286670966370104e-02
3.696399065388009109e-02
1.070791803883697352e-01
7.087527911858108876e-02
1.141075465526875110e-01
9.680562387810930092e-02
1.041099683877319548e-01
1.663625550525102692e-01
2.586126959861528157e-02
9.670652936849101489e-02
4.549772338665248467e-02
7.022746794773296330e-02
1.096550739717296330e-01
2.123659010331587979e-02
1.177779684836586793e-01
9.115646068436381033e-02
5.469810388641427323e-02
1.138389901768105256e-01
1.224874269217444134e-01
4.397321434386516209e-02
7.643161500586531654e-02
4.074742432294493899e-02
5.103326816154649809e-02
8.999818855015861985e-02
1.086386361423972158e-01
8.953766921531912393e-02
8.316198367026582383e-02
1.778784836826233229e-01
7.012610973792257618e-02
1.169569980001464865e-01
1.138797524118326659e-01
9.051830709377084450e-02
1.102247813116963987e-01
8.584163137013912925e-02
6.413653658702099525e-02
1.233976732994366970e-01
1.792887554357011082e-01
7.123314407244570046e-02
4.035546611713677206e-02
9.594730291783731824e-02
1.325863373027417191e-01
1.560050744779511167e-01
1.175046218151979127e-01
1.556057781205889279e-01
1.376451169493955184e-01
5.630845750860232618e-02
9.769318842763438648e-02
1.214373786618798690e-01
4.014889449690058065e-02
9.831770946468854078e-02
2.122290191734023390e-01
2.048542902786526787e-01
9.433420373788652114e-02
1.087038386620939323e-01
1.050790820023990713e-01
3.460154601450547013e-02
1.002018208863301452e-01
6.340587600672201174e-02
1.491737693189829350e-01
6.661115048598237331e-02
1.275155782795253934e-01
8.470965348017937824e-02
1.454190154306244653e-01
1.542547437246177822e-01
1.131647361683208175e-01
9.486645892530806701e-02
2.561973526317413291e-02
2.049922551757180633e-01
1.276424128504462241e-01
1.151499616182390245e-01
4.941219321447702650e-02
1.876467296057052481e-01
1.194457850907749696e-01
1.728303537495230469e-01
1.086868038836771022e-01
1.444331750552518279e-01
4.202757500434717297e-02
1.583194255083828217e-01
1.126992127663977439e-01
5.696563192892035304e-02
1.509781745467885239e-01
1.025417036366567808e-01
1.627709545221525944e-01
1.555060675705848827e-01
7.321701711474772056e-02
1.713569143726495145e-02
4.077369488193054170e-02
1.140560437060424148e-01
1.208342052911339087e-01
6.539059378592165794e-02
1.356260626419146798e-01
3.486403038043410507e-02
6.703250319542751468e-02
1.123862224716061647e-01
4.830028958887083723e-02
2.035601967565552617e-01
2.204281543640645991e-01
2.031018884954788328e-01
1.224179094647207949e-01
1.061086096535056034e-01
4.321671464320089862e-02
3.837572439560063553e-02
1.571306843608673287e-01
1.257366475339479206e-01
1.453659936251975038e-01
8.991128352087861264e-02
1.726968982338510095e-02
1.361713411472272595e-01
1.048720866154014414e-01
4.815928922547547258e-02
1.867626230227152906e-01
8.371368506530010856e-02
1.428778097508613121e-01
8.672316724695537660e-02
1.008696454443493151e-01
1.280235368672951735e-01
2.113757964633765363e-02
1.149362131327256592e-01
1.709229979659540044e-01
6.825244205787832363e-02
9.191978260328195760e-02
1.242201666365382873e-01
3.262592498407004826e-02
2.241118845711908281e-01
1.281030247550555556e-01
7.935519823509448734e-02
9.817845185472756642e-02
1.303639249959083479e-01
1.097899547902814604e-01
2.332939084606046320e-02
1.073568604065936183e-01
1.034582080229661388e-01
5.387042688577034499e-02
1.063479635522255190e-01
7.188372339793883126e-02
2.837938147435630637e-02
7.788331996892142173e-02
1.144823660044753111e-01
1.084009350000778721e-01
1.407075868141319935e-02
1.628672908842311584e-01
1.151110564588181256e-01
5.003576778187210361e-02
1.810725962737938510e-01
1.687682347498573043e-01
3.301269539430647104e-02
4.854082855370329963e-02
1.537202045590548016e-01
1.161913885374246669e-01
5.432736393848799916e-02
1.261127294298786394e-01
1.932968521217972302e-01
2.520919024232946837e-02
8.630877286621878308e-02
3.951249216694982525e-02
5.363557653913154921e-02
2.217111750741036086e-02
1.314842870922976747e-01
1.027334635981727862e-01
9.005055195784564259e-02
8.313595516312452527e-02
7.841535516665465444e-02
1.096245046192417805e-01
4.103846363880539472e-02
1.632782260447787348e-01
1.272017952862054546e-01
1.077743753140970040e-01
8.854902613392337529e-02
1.232229672196332726e-01
4.788602661877747885e-02
2.062064002103197735e-01
5.871538973955461177e-02
4.753021526275824638e-02
1.423082024208999485e-01
1.111979847499538487e-01
8.228649114478711613e-02
1.310460682478238881e-01
1.337011869598130342e-01
1.251799637869637771e-01
1.166230992721881549e-01
5.719768725077969268e-02
1.779200423062471947e-01
7.694499422069270289e-02
6.658225350865498715e-02
5.012388051578422349e-02
7.040248701728345215e-02
6.269166572386875025e-02
1.427144644285657238e-01
6.440508716286263979e-02
1.595845564131269101e-01
1.193936276808277019e-01
1.834884858280033948e-01
1.042837627754343438e-01
1.250173622715158583e-01
