9.782233568235605692e-02
1.750652937520717212e-01
8.646339104895690852e-02
8.170801143638198316e-02
5.905481962309569455e-02
5.193908650976834102e-02
6.029175077625775758e-02
3.824430486013689207e-02
1.192451165942279429e-01
6.843475186187286674e-02
1.240591734462821449e-01
9.601949019624844706e-02
1.171775841331156864e-01
1.803215659472778565e-01
2.874098541224902673e-02
1.002444472503677131e-01
5.876234274967830074e-02
8.121135466142571924e-02
1.076105576490156007e-01
2.188730477295756580e-02
1.112817407512403239e-01
8.422441170289628187e-02
5.904660674846647778e-02
1.254092133515816165e-01
1.297600399630738088e-01
4.084002894442315124e-02
6.760024477395733256e-02
5.188089911365056928e-02
5.309555606330373240e-02
9.844484661426115835e-02
1.030674902717542835e-01
1.022560708281156500e-01
9.381054627051205186e-02
1.845025137200039245e-01
8.078206137592518210e-02
1.311392893426189810e-01
1.272123059590652971e-01
1.048237225575498893e-01
1.227341005110756805e-01
8.830046391824995788e-02
6.437804579150302464e-02
1.185292715082017917e-01
1.912440991113167899e-01
7.898385672930005597e-02
4.482828059181503261e-02
9.714857084873809723e-02
1.378097305548285634e-01
1.653005500436237618e-01
1.125293986422022524e-01
1.673682986595164679e-01
1.490994602722353068e-01
5.626168106014672182e-02
1.064609827299217160e-01
1.139579636777016958e-01
3.903499775600623861e-02
1.077004028853838363e-01
2.209697390587539723e-01
2.167318843707293774e-01
1.081280238380317310e-01
1.222016862388939085e-01
1.150683287253197740e-01
3.431277330936063907e-02
1.113351827469558492e-01
6.985470141402502775e-02
1.627585536278205736e-01
7.933179250784622161e-02
1.341727087157940923e-01
9.321588423672838575e-02
1.531071366844289627e-01
1.676199591655500032e-01
1.098851710495220985e-01
1.055706297942831939e-01
2.612873587680987486e-02
2.149783681057849394e-01
1.231755633927116844e-01
1.192524938963195336e-01
5.061724952312351977e-02
1.998913070978071693e-01
1.170708061777781944e-01
1.812436801701693967e-01
1.218219457074642686e-01
1.560870257069716105e-01
5.568954324993074384e-02
1.720095772496507414e-01
1.260060875904684963e-01
5.972778356817953771e-02
1.585739295046542097e-01
1.033241309724797913e-01
1.692829565080309906e-01
1.652224859111715849e-01
8.277247719940813986e-02
7.539629584028991784e-03
5.160902659802886483e-02
1.137375037492155960e-01
1.339072387606181913e-01
6.661731144289657902e-02
1.497007174589204959e-01
2.245741513454595217e-02
8.046027967897455280e-02
1.065729935341840073e-01
5.249188121766670823e-02
2.122233016783739989e-01
2.286897242427559374e-01
2.123633401113958485e-01
1.202189011133175389e-01
1.057150804187320658e-01
4.221450537643883782e-02
2.946612329063150182e-02
1.694268571401723045e-01
1.380360880296346016e-01
1.517437901654428989e-01
1.033678806348418411e-01
9.598298601921724169e-03
1.361361930422040900e-01
1.145707254532359054e-01
4.954756482552325619e-02
1.954484978275675966e-01
9.608395753190872302e-02
1.465485580778904118e-01
9.569500632156437148e-02
1.014484223251325423e-01
1.422020007007351039e-01
1.168519675333976222e-02
1.282501335415733301e-01
1.816311541967126353e-01
8.108574430638751385e-02
1.020119124023605994e-01
1.219988083522286076e-01
4.634643542879816891e-02
2.319604633774487168e-01
1.344643343521278733e-01
9.210773839786842720e-02
9.554946516628905206e-02
1.444711339413974061e-01
1.226803172756163601e-01
1.734880886893204466e-02
1.191703159756793279e-01
1.169188770574614983e-01
5.780887984025034204e-02
1.201720644805629179e-01
7.973119914368491379e-02
3.912469807260171573e-02
8.312410122876132124e-02
1.277994927022340077e-01
1.001903447624227644e-01
1.633666800634336154e-03
1.743236733381278436e-01
1.081282556330653566e-01
4.049591372287614927e-02
1.874271814326610164e-01
1.773401591690419166e-01
4.359797859875932935e-02
6.039179546982195029e-02
1.604762881138714070e-01
1.217777217365097336e-01
5.718283570477807054e-02
1.350508436317799654e-01
2.033986579452591870e-01
1.289428213573471510e-02
9.858162061626840611e-02
4.009302469437218269e-02
5.969351035953984058e-02
1.253504473349038861e-02
1.455334377529944601e-01
1.092314112761505612e-01
1.028401996948827696e-01
7.768741592694361486e-02
9.032136939164879530e-02
1.168396387727283631e-01
4.862710755631483722e-02
1.766319794220226613e-01
1.199597189899291871e-01
1.220166167425113107e-01
1.020602971477330562e-01
1.334566539942344532e-01
5.387603189322019703e-02
2.183440314474515698e-01
6.481160892425841258e-02
3.939374220930262627e-02
1.561224574972124579e-01
1.176473954314828096e-01
9.528177941356408276e-02
1.437844274519571308e-01
1.466228216713051091e-01
1.387785357539892406e-01
1.251058442028606665e-01
5.824125111060671905e-02
1.901795244468361956e-01
8.557399037520066476e-02
6.931001440610039255e-02
4.179453255375571025e-02
8.302103627997999002e-02
7.512200140899381873e-02
1.522629415807617848e-01
7.303725208302176697e-02
1.734999468317825200e-01
1.322090080437092752e-01
1.960985922291242078e-01
1.090058431209287859e-01
1.327804547275742708e-01
