nan
3.173303645062271194e-02
nan
nan
3.069771541897861611e-02
3.239331620851350346e-02
3.390716007354602907e-02
3.265391981330850041e-02
2.028265060910910619e-02
1.137485946564060352e-02
6.226741671253695903e-03
nan
9.860563167982809227e-03
4.998025705329717933e-02
2.371457798115597301e-02
nan
2.150544849406837294e-02
2.436345093544135115e-02
7.689712667517417666e-02
2.725908996122360789e-02
nan
nan
3.414158065685132110e-02
1.895714853493095722e-02
2.366794014085929834e-02
1.624789502097620172e-02
4.386302442141381402e-02
1.803459179227821091e-02
2.339118287364425758e-02
1.991002904845177654e-02
nan
1.583404350137790698e-02
3.811469301755041061e-02
nan
8.413825824823504412e-03
1.049006117722637958e-02
1.785604105532878974e-02
1.947355555003889294e-02
2.153119963181794605e-02
1.638108342310033022e-02
2.541411226951651933e-02
5.682956125268612269e-02
4.345229465461075691e-02
2.805976041553536263e-02
nan
5.357959765693446480e-02
3.433900882091543705e-02
8.326732172575327176e-03
5.383308454738278126e-02
1.989535226100750884e-02
2.277191139551425214e-02
nan
nan
nan
2.829236852952766307e-02
2.902714310965508887e-02
8.784433353413562129e-02
4.790164129266105686e-02
nan
2.015878441990980041e-02
2.132755875613194171e-02
nan
1.395032484089611495e-02
1.761753069256197235e-02
1.429868040757046113e-02
2.614131404547607312e-02
nan
1.327181487852818059e-02
4.066707305629091440e-02
3.340195015680972462e-02
nan
1.842366028380949469e-02
2.422338487520054456e-02
6.522613928735830624e-02
nan
nan
nan
4.891970664988253004e-02
8.229097329308128483e-02
nan
2.529807989944302116e-02
1.747976871516427819e-02
2.696786490360915042e-02
2.291079847191150598e-02
1.069457808608771134e-02
1.219467041562997435e-02
5.779345300221581244e-02
5.814374573390308082e-02
nan
nan
3.678120383317877440e-03
1.281347611601227343e-02
3.037395999567810145e-02
nan
2.311096958117827074e-02
3.095074190925397803e-02
3.173754218121219162e-02
1.483952013198635254e-02
1.745610883337084598e-02
nan
3.270836168417764339e-02
8.288827871606327391e-02
9.936937565470103928e-02
7.432417750410309776e-02
nan
nan
3.438874117209308329e-02
2.980115296000458019e-02
3.640208489293189631e-02
nan
nan
1.067044787104069574e-02
1.202346093850176385e-02
7.127168657482796377e-02
1.232374502949564431e-02
3.863785396720127718e-02
nan
1.961300274003417721e-02
4.895769780444918229e-02
1.322723097708587009e-02
nan
2.195537910435261045e-02
4.895793805365879735e-03
nan
3.620850291136202409e-02
1.182683306625763840e-02
4.758427835597318738e-03
nan
2.914899735820086595e-03
1.077260303350351667e-01
3.056103124237389765e-02
2.093285805239062172e-02
4.536645712657439572e-02
1.915764494316808675e-02
1.357730678522658246e-02
1.413486032517134207e-02
2.460255641352048286e-02
2.003890557598935612e-02
1.782970592815801697e-02
1.495382442381087626e-02
1.372614374518819381e-02
2.485799346394181736e-02
nan
1.746203759405321257e-02
nan
7.441649420263829647e-03
2.978963626013754820e-02
nan
2.410792205958497275e-02
nan
1.699117543079435577e-02
2.090098046746409477e-02
2.160198474495728799e-02
4.897625765482051252e-02
1.692660109545237115e-02
nan
2.315929618777276544e-02
7.339970773019943717e-02
6.200162072322041966e-03
2.205007381347416986e-02
2.964589996476064276e-02
7.843752525204205489e-03
1.414313602919310513e-02
2.373355605424134693e-02
2.191660593121111736e-02
1.678580073015852395e-02
3.917357967686946330e-02
1.160002627353588951e-02
2.630123381071128308e-02
1.478765100892106762e-02
2.464829633094372738e-02
nan
6.666542131743439202e-03
2.345890370211256570e-02
nan
2.336550281704712767e-02
5.084409109881449229e-02
2.225839727566330389e-02
1.640966104896173644e-02
1.772167350068180186e-02
1.580043909402811808e-02
1.798038926950139282e-02
2.043953564426758546e-02
2.432608824940134251e-02
2.502961082952648297e-02
2.732414847565241625e-02
2.551953696850786310e-02
2.020630132267499032e-02
8.561789797925335385e-03
3.938961250252961954e-02
1.539728097383878495e-02
2.954397485139166959e-02
1.381276356417042959e-02
5.450257132947992217e-02
5.273112010923223202e-03
nan
1.546156582515313162e-02
4.839051396552529472e-02
2.557576896761064311e-02
nan
