3.279497459010148608e-02
1.457514646200914858e-02
1.737588409728547598e-02
nan
1.280967598423793201e-02
2.134049442788147136e-02
6.504252231694108641e-03
1.131084372304796797e-02
1.145729427596072804e-02
1.262453366533605910e-02
nan
3.394698799302904493e-03
2.145273791447565789e-02
4.606643936124716482e-02
1.454611733542403480e-02
4.153752157716364413e-02
1.430400074102108898e-02
1.347709605542104713e-02
3.572397314206718355e-02
1.952499638492092779e-02
nan
2.533664171869293852e-02
1.341017192037575675e-02
1.891973917883018816e-02
2.018422134051349459e-02
1.905728045866695794e-02
1.208438534798516109e-02
2.431802752199037701e-03
1.596739573114547284e-02
2.055289983670457662e-02
nan
2.929746099430485112e-03
2.571962784028923241e-02
3.305533161413126003e-02
8.432601795709341805e-03
nan
1.618816494515359222e-02
2.061309251565578496e-02
nan
1.787267554389899982e-02
1.206221835543993572e-02
4.976985245876832525e-02
nan
2.542668542039102503e-02
1.050411538403299080e-02
nan
3.291434499805434566e-02
1.854527913677037759e-02
2.848391723049121388e-02
2.767791648486923189e-02
1.067622603031376585e-02
2.940344270639707117e-02
1.366309152378281100e-02
4.321011709710095849e-02
2.794359104919922482e-02
2.007434003464291655e-02
nan
3.972821203918935201e-02
1.660908888679387199e-02
2.254485403475458422e-02
nan
1.797514888898389326e-02
1.389490095935937489e-02
1.898641121411958135e-02
7.045485695440623260e-03
8.273892811743687598e-03
1.729243131499899958e-02
1.865565709432724997e-02
1.123549174149740537e-02
2.269761066258750917e-02
3.482571623277717215e-02
2.062621429139044685e-02
9.460822493031864275e-03
nan
5.257345650472957516e-02
nan
1.109322638331685686e-02
nan
4.384727813737265140e-02
3.313270507748670990e-02
3.562800904197952617e-02
nan
8.863705708079880688e-03
1.595492313408393772e-02
1.238895785751315329e-02
1.661753193115163632e-02
1.641391391482667148e-02
1.973559350424110292e-02
2.046704016243377361e-02
1.136922275953360616e-02
2.781139256091630287e-03
1.678508684166913484e-02
1.916350469485809255e-02
3.631623461583745327e-02
8.591030531612519131e-03
nan
2.821629659877709223e-02
2.164469867190596183e-02
1.353686351135352170e-02
4.340285117791362057e-02
1.883772106569593652e-02
nan
nan
nan
3.712823532279985184e-02
nan
3.729756104033239705e-02
1.040484702680184032e-02
1.504367452835862415e-02
1.536866090176944831e-02
nan
1.958753078296887606e-02
1.349757714398159419e-02
5.345979976883798168e-02
2.007694035168678184e-02
1.855304877221382667e-02
nan
5.783484962218658028e-04
3.048214925187668622e-02
1.148508153179739547e-02
1.773223410201332784e-02
1.524908848537707799e-02
4.863174805571614245e-03
nan
8.657855263203029575e-03
1.181610513993639096e-02
2.320855139864903133e-02
4.510541135014779074e-02
2.370762313547117653e-02
nan
9.174644061568147310e-03
1.885054373180361509e-02
1.525636071743850103e-02
2.243735743551973985e-02
7.020620026690419825e-03
1.413200514644754636e-02
2.406081245265353358e-02
2.729812686763474078e-02
9.762931255344536180e-03
1.532204092325459982e-02
nan
1.921009005024879382e-02
1.254262896226245386e-02
6.655949841481103094e-03
2.775701308321895308e-02
7.624085753649740768e-03
2.382782452284622557e-02
3.657768896287057897e-02
1.232533049945012602e-02
nan
5.716873415060973879e-02
1.719380124516855374e-02
1.059521622103397689e-02
2.467143678433333584e-02
4.009257307843058782e-03
8.867666347019182230e-03
3.425180700460043332e-02
2.140094096810631411e-02
6.202010827727910507e-03
8.271154259518232604e-03
8.650606447500630222e-03
1.008247659641337696e-02
1.234520805709214859e-02
1.187592183819078002e-02
1.913564441278010203e-02
1.987413357121297491e-02
1.453964936202850784e-02
4.316387163286577490e-03
2.330645953937532724e-02
9.219772088343375360e-03
1.498540058338273390e-02
4.980492075443340716e-02
1.750947669580953450e-02
1.795065398469209914e-02
nan
7.131487072138941244e-03
4.474995394232315904e-02
7.556780921691185100e-03
1.388625638796256445e-02
8.601779517513723217e-03
8.791514357828950771e-03
1.244679424405456883e-02
1.388811397264983621e-02
nan
1.302567044252916223e-02
1.570308969768172136e-02
2.107274867973549237e-02
2.478003090617290904e-02
1.035782870614384253e-02
1.828490188332446489e-02
1.373931521427834181e-02
1.690680697165036425e-02
5.418797871072279781e-03
1.340561856077810560e-02
1.246512417167932978e-02
3.066037997544218685e-02
1.229346962644839968e-02
3.131930910311728211e-02
1.853145822278796234e-02
5.313833394512762313e-03
