1.226902541457264018e-01
1.317556095206336431e-01
1.244908101457146005e-01
1.164153624851354540e-01
5.542243049468865979e-02
4.682186574934028150e-02
1.065478905708459878e-01
8.984097819231198767e-02
9.810447114314897743e-02
2.235101570675174232e-02
1.522891846400512283e-01
5.212572829292893423e-02
7.718576647472913388e-02
1.492609529804984347e-01
4.831451805731670768e-02
1.440628021206497855e-01
4.142197727692221998e-02
6.721849434037666104e-02
1.509362767632406177e-01
6.100466388506833176e-02
1.590904221833621679e-01
9.953957074850178222e-02
1.057485049293265950e-01
9.690037897188195914e-02
7.439717142653447246e-02
8.331156851145683773e-02
1.219381072264039273e-01
4.174557070466707043e-02
1.920319909218441007e-02
4.910598435338048989e-02
1.146763773717517781e-01
9.980777286447412022e-02
1.197049197510155760e-01
2.006652856378215166e-01
7.921945908251837309e-02
1.041409574474952970e-01
1.477722622962041599e-01
9.252486303118467870e-02
1.123479277452457681e-01
4.704495675939188160e-02
1.145947799499437841e-01
1.593226337574411844e-01
1.388290955417378902e-01
1.149965508074962117e-01
8.958542772853572700e-02
1.337219923971069979e-01
1.534597533786281331e-01
1.846297036204539999e-01
1.342693141984237504e-01
3.826846728541866138e-02
9.640617516204555426e-02
1.113726811064295052e-01
6.358453568116548271e-02
1.555444296033071661e-01
9.558549726130834145e-02
8.949877639959848141e-02
2.069923666793299644e-01
1.918078732906895456e-01
8.399873534494985139e-02
1.425948228998084322e-01
1.342762665894360885e-01
7.469096672520517122e-02
8.192640597066246089e-02
3.591843160188578493e-02
1.232064218299361164e-01
7.542320710265452977e-02
7.263515637785082635e-02
4.683131579373014941e-02
1.157691716890435762e-01
1.268138935941811041e-01
1.527261500672249805e-01
1.285190151097218292e-01
4.155637046268061824e-02
1.990636217813323006e-01
1.549837930923399776e-01
1.581583950367013991e-01
6.808891882218638669e-02
1.486235229831786298e-01
1.604571044454597417e-01
1.957613018183993192e-01
8.162127178147147999e-02
1.049446605866575927e-01
5.025823874068945790e-02
1.330766634967220641e-01
8.675454501403807861e-02
5.844618028649804786e-02
9.929854418370546998e-02
1.476171935938805913e-01
1.905727736413497797e-01
nan
8.610826827419067186e-02
5.655759026338734452e-02
8.291520992646052302e-02
1.267336512244477686e-01
9.235405104194825687e-02
1.178841471750680520e-01
1.184989823462270220e-01
3.384045126701309969e-02
5.553977179579488999e-02
1.527428083437525896e-01
9.788748109061166935e-02
1.998289788305986914e-01
2.177424768702408420e-01
1.980919315508150869e-01
1.393525721717898402e-01
1.165241095350766226e-01
9.953135485358279022e-02
5.448959364090338875e-02
2.709172178832392267e-02
9.415464799384469508e-02
6.777357130778578764e-02
1.035118049979169286e-01
5.740921973424602254e-02
1.684747185190603458e-01
8.670145848289871615e-02
4.955435970560015391e-02
1.846773696336488080e-01
9.832082280797690976e-02
1.665231160471999372e-01
3.935104813385230382e-02
1.161813509600943817e-01
1.133264490152631337e-01
7.369404573019949778e-02
9.056595871325491542e-02
1.657943627148775745e-01
9.549985952622000451e-02
8.241176984387649229e-02
1.363083613801171767e-01
5.267640021789138371e-02
2.207990266654817346e-01
1.587384781406261380e-01
7.483650189732972413e-02
5.098958466049564875e-02
1.303988304568283740e-01
1.442269207231566264e-01
7.357537684356850460e-02
1.395366040892095649e-01
7.436228492813666546e-02
4.872974429102851918e-02
1.140213960141816391e-01
1.108273340997243811e-01
6.982777738297603343e-02
8.206018104264992119e-02
1.402923303620946527e-01
1.418647060289622286e-01
6.285683657759509602e-02
1.216573918405442073e-01
1.439668432322092351e-01
2.806843271019557329e-02
2.037886447175630833e-01
1.965003564724032425e-01
2.871607795506164393e-02
4.169349894138384832e-02
1.004308168175934574e-01
1.488148860785209748e-01
7.495927770648835864e-02
3.581020540268043534e-02
1.447732373699167907e-01
7.393921848071836889e-02
5.219277369946271478e-02
4.418099974805804464e-02
6.996599667879418484e-03
5.841845228333315126e-02
1.248444060279381429e-01
1.351702815045653927e-01
6.615235533089905418e-02
1.297943170517892597e-01
9.755962909123003235e-02
1.428427203481102692e-01
7.772967144217290958e-02
5.800667618976810408e-02
1.500613829408330990e-01
9.721051905390973302e-02
1.069888129626001966e-01
1.613390052907310301e-01
9.622145609544133227e-02
1.910608424914177206e-01
4.309016388985215801e-02
2.569530559340050049e-02
1.200602492705856866e-01
6.360204896007752573e-02
6.513138402667470461e-02
1.016778809187067339e-01
1.610183080912406250e-01
1.011404694847522906e-01
9.363029723495602807e-02
1.096757916080700751e-01
4.795007538286388121e-02
1.085936817346099814e-01
5.650683339823878160e-02
9.274370943160346881e-02
5.936711532624428661e-02
7.074062969945271728e-02
9.379529928006165307e-02
5.382999430390438683e-02
1.773913406038351848e-01
8.911956953589640629e-02
5.760232117128742668e-02
4.807923183348643270e-02
9.664132243256823296e-02
