2.927233944890011985e-02
1.494418107698454457e-02
nan
nan
2.532773781044694167e-02
nan
8.987392589823265179e-03
1.327114119718733956e-02
1.146188611066482205e-02
1.800659351367821931e-02
nan
3.452292481539963320e-03
9.509829948666507354e-03
1.995059679387834947e-02
2.378145547086418440e-02
nan
9.452105269240602611e-03
1.323559955751296355e-02
4.573322804349868459e-02
5.206645219689495091e-03
4.480652946706035339e-02
1.862800550799335875e-02
2.135986101655539329e-02
1.873454203531066398e-02
2.020219616285236913e-02
1.679123530504919928e-02
2.207727284374049262e-02
7.304937771930096295e-04
1.346184185636365230e-02
2.023888578635402516e-02
nan
6.882992748799502541e-03
2.975220000913091078e-02
3.302542143195713598e-02
8.498093261188891662e-03
1.564608389533186927e-02
1.613498255704659892e-02
1.350368824384460056e-02
1.346011677752734226e-02
1.816855378624258541e-02
2.862094810807583670e-02
5.686131371794817674e-02
3.308253532866536895e-02
2.986936593732672854e-02
6.399386632814686900e-03
nan
4.566862438548821568e-02
2.455889643397581729e-02
nan
1.879011354719956409e-02
2.567967708244359853e-02
3.293867309936289456e-02
1.122076383921506021e-02
4.321003384850709977e-02
3.127913074146199124e-02
1.980145649472790648e-02
4.374168386433054112e-02
3.968199197408123213e-02
nan
2.674279461171914785e-02
9.134294496741121594e-03
1.163452595093410202e-02
1.302911250060832284e-02
1.613459225291990345e-02
1.180622879180201826e-02
1.207844909850998641e-02
3.263843835854014080e-02
1.425767372536770709e-02
1.878822350875396230e-02
2.194769120904236162e-02
4.021883672273529609e-02
1.427329244501225267e-02
1.112105570346402783e-02
1.945108316732486325e-02
nan
3.614393597778357836e-02
nan
3.866190895441750514e-02
4.658431147961095142e-02
3.274516849194046564e-02
3.241910480952492346e-02
1.926438593586298278e-02
9.316206360948091347e-03
1.601160986125477539e-02
1.245607117332215956e-02
1.695673106471974612e-02
1.664647392735420922e-02
nan
2.041863100025857747e-02
nan
2.642587181486407560e-03
1.275880220815573882e-02
2.031658332632394273e-02
nan
7.176930621114866772e-03
2.495820654181137715e-02
7.868205681386573544e-03
6.293410660521035586e-03
8.859600774209054966e-03
nan
8.603178581209297224e-03
nan
nan
3.071730383619268936e-02
4.570465229393997492e-02
nan
4.025926915775947940e-02
9.947101145960547328e-03
1.519867138911345540e-02
1.070146093010828497e-02
2.725724834236611591e-02
1.362839385002054433e-02
1.203881748023656953e-02
6.209574315363178276e-02
nan
1.900206847999105081e-02
nan
1.348035573411085486e-02
3.918449502801100992e-02
1.183171467430251325e-02
1.776967803930535120e-02
1.614606922215679891e-02
4.651103657489331390e-03
1.400160284611078054e-02
7.050884075330222413e-03
1.331627838397330711e-02
1.505129866346517457e-02
nan
2.962939234213887718e-02
nan
2.569473190963710019e-02
9.269837904969456532e-03
nan
1.406944776572680370e-02
6.932693365154738233e-03
1.408535429340492147e-02
1.701210826372297549e-02
2.583831382826553766e-02
1.020362229102653867e-02
1.529733325814033006e-02
nan
1.584565695979897257e-02
1.200246535152274703e-02
5.878879360409438454e-03
2.777938555901828671e-02
7.081562531260987038e-03
2.385219780808934056e-02
3.762818713734540632e-02
2.294321013976815052e-02
3.665452223338098309e-02
5.726771879604963811e-02
5.224589924402991623e-03
1.041977957275284222e-02
2.435038648730156532e-02
nan
1.170276587139768357e-02
3.424768786218922861e-02
2.130611912459451709e-02
6.153042415306867949e-03
3.620557612696609969e-03
8.984061828940882732e-03
7.475496694788240706e-03
1.416366400099387628e-02
6.444797431571765677e-03
1.568656537675548399e-02
9.790562660150192373e-03
2.476368261107447441e-02
1.302776410966916681e-02
3.519459010618942313e-02
2.014041099891139205e-02
1.621031593929406558e-02
4.974753008408216298e-02
2.355584322191450752e-02
1.664790882670122776e-02
nan
1.058846947332612795e-02
5.639568674627844225e-02
2.090941127934432126e-02
1.872113314561308500e-02
1.469089436556737967e-02
1.505648589422280657e-02
1.808091435904686864e-02
2.096264355088805695e-02
2.086088830391500878e-02
1.314359926718214160e-02
2.983659743735215392e-02
2.524068358432202119e-02
2.512133472104581197e-02
1.422115678887907013e-02
2.797449653673709027e-02
1.486277168411473913e-02
8.304953192094672101e-03
5.053351323284954559e-03
1.355448809524475301e-02
5.120308309316308308e-03
2.839619923007189947e-02
2.290769771241732769e-02
3.120618165618577189e-02
2.395031637704724686e-02
2.373978067939699552e-02
