3.434215639223598543e-02
2.487506235168152058e-02
3.101679370949579281e-02
2.173427471697577523e-02
2.915231347301414089e-02
2.112475686470767500e-02
2.077211093632274838e-02
3.272669775864044811e-02
1.108621605222600420e-02
2.411664125595478630e-02
nan
1.790339539218251813e-02
2.147530282356046802e-02
3.646262683439693841e-02
1.797171150968701267e-02
3.466965686524386275e-02
1.130419791983923797e-02
nan
4.523622193395337304e-02
1.859845484425896867e-02
5.040845827120930822e-02
2.801856603665443118e-02
nan
1.906378686435714412e-02
2.366792584620541415e-02
1.583402717881228841e-02
nan
1.506526007793518871e-03
nan
2.149396227106276785e-02
4.610545620634528413e-02
2.867052462822711201e-02
3.842233471190398264e-02
nan
8.091867876947508517e-03
1.248722335235326678e-02
1.570309999042810226e-02
7.645386290110398921e-03
nan
1.844764966401010384e-02
3.641795238369434362e-02
5.755891414812330104e-02
2.966181023032709446e-02
2.670711438916420141e-02
1.601698712553216442e-02
3.094634774240431416e-02
2.645503693559466199e-02
nan
4.660093847538567674e-02
1.893222056431673531e-02
2.467973982268520730e-02
3.517776846783387396e-02
2.545623878127389883e-02
4.951410139945880418e-02
3.127737473021800774e-02
2.877176108474859342e-02
5.931402406495259877e-02
4.792247108456398202e-02
1.726479527002861697e-02
2.066770768610289022e-02
1.001099087718174477e-02
3.935706712442051114e-02
1.375848426594328787e-02
nan
2.142522677676015133e-02
6.338615234081225458e-03
1.743907463799602292e-02
1.830403755649323214e-02
3.332514339582363927e-02
2.077141489033049529e-02
nan
2.005017540123727599e-02
1.258879203230623203e-02
6.415307987840598858e-02
nan
3.659382418125833175e-02
nan
3.881889239405333231e-02
nan
2.604755234780344736e-02
2.601787633477146283e-02
1.965672416688412152e-02
8.637437223804852668e-03
1.733424123185005328e-02
9.619928824478096718e-03
1.982185609084698152e-02
1.556523538161627869e-02
2.034022356955064378e-02
1.937531335283876679e-02
2.865679577092203334e-02
3.483342306598613200e-03
1.281347611601227343e-02
1.540967782396306801e-02
nan
7.038549375689958157e-03
3.958035987739055850e-02
1.880238950086085895e-02
2.618443994725784540e-02
2.922668472489014721e-02
4.471871602283434416e-02
nan
5.384412889303206301e-02
7.177361718007332914e-02
7.558819460026020010e-02
nan
3.653527318085199316e-02
3.433519753871991376e-02
1.961560384559856915e-02
3.188966935175185230e-02
1.171115995292941296e-02
3.192011560870870041e-02
1.228683210776502707e-02
1.204514489760411845e-02
5.523489642836111602e-02
2.034823134757117458e-02
2.010932933180239329e-02
4.427905841972037959e-02
5.499297044544306824e-03
3.919990485631437427e-02
1.355408344904903556e-02
1.663856927966491164e-02
1.707062715648101359e-02
4.749432785761855368e-03
1.220664890148938191e-02
3.726974846653190870e-02
7.921815652624307480e-03
1.821389594915037019e-02
nan
1.240422935223747282e-02
7.856549520678439424e-02
3.159183292603312543e-02
2.068033066405288931e-02
1.457071527758585505e-02
1.402356059993383440e-02
1.407108062842625865e-02
1.416364417743644702e-02
2.182655352458877374e-02
2.002794621163679623e-02
1.417200184432236727e-02
1.189169748240678261e-02
1.091523688651616260e-02
2.508239613121868508e-02
1.114309913871094557e-02
1.789148074045923340e-02
3.419632390421433604e-02
7.421629329087027493e-03
2.385219780808934056e-02
4.004209036691552120e-02
2.316495883504000181e-02
5.523745202149457634e-02
1.605911813340275482e-02
7.934192240226749585e-03
1.516135335229015606e-02
3.854011503980754594e-02
1.791170877033881545e-02
1.292725708355943297e-02
nan
2.105156254956539255e-02
6.153042415306867949e-03
1.551545893977959549e-02
9.217956450998618032e-03
8.824082118044432321e-03
1.416182551167151187e-02
1.253675006709674758e-02
2.585792641028162100e-02
2.208448005399109987e-02
2.985436615748431402e-02
1.415067647038003099e-02
2.313474011063450242e-02
1.086835455363909658e-02
2.585476312052279596e-02
5.192109378175911033e-02
7.026075751917848847e-03
2.072902479132658279e-02
1.087532461642456462e-02
2.473538053355047589e-02
4.404993442499936795e-02
2.103214103135364610e-02
1.877638267658460550e-02
1.324685679145170755e-02
1.449891547846577505e-02
1.351634306987993354e-02
1.918033690863314017e-02
2.190946219526266475e-02
1.986042281103946386e-02
3.238635765714132503e-02
3.571639013703409304e-02
3.294305924783455519e-02
7.068024585684575499e-03
3.236232105676244836e-02
1.202202088631217081e-02
9.784628045280683792e-03
4.587877069483622602e-03
3.152708262440466480e-02
5.685609004306370687e-03
2.433014608044522381e-02
1.782985847323914977e-02
3.685851565404203029e-02
nan
2.270934692651331577e-02
