nan
2.663402415567841380e-02
1.599968058248912861e-02
4.603482925986811941e-02
2.844216987984755224e-02
2.080678235113001678e-02
nan
3.277357716856519471e-02
1.577205934664023534e-02
9.846392693154114653e-03
nan
1.790339539218251813e-02
1.631735072509377452e-02
3.836148196025254697e-02
2.371533886408869543e-02
nan
8.944903367660093918e-03
2.449920569992376784e-02
3.523263503798215041e-02
1.956679270230160528e-02
nan
2.831686687113359885e-02
2.258333760737272697e-02
1.867246553077111029e-02
2.366792584620541415e-02
nan
3.504507835665324894e-02
2.424205600942504982e-03
2.165230215252148330e-02
2.149180953817010284e-02
4.429377650300819064e-02
1.742359014849472615e-02
3.624207323420866600e-02
3.718153800631775197e-02
8.499386843622207949e-03
1.202682653042021557e-02
1.660804845608600255e-02
1.037588538826715936e-02
1.922066670867627475e-02
1.823650226215896286e-02
3.745102972780658263e-02
nan
nan
2.620919836731724212e-02
nan
nan
2.641977129529741661e-02
nan
4.729889324877822182e-02
2.651759307705708196e-02
2.471327883749883589e-02
3.517776846783387396e-02
2.287870549518601984e-02
7.117287983588495293e-02
3.136754359231493094e-02
nan
6.013247814853504153e-02
4.838863127297837047e-02
2.147679215764245267e-02
2.161197896306371949e-02
1.001099087718174477e-02
2.999492087882008051e-02
1.374675926597670843e-02
1.837757906339286887e-02
2.138229083241556180e-02
2.635247580648877527e-02
3.840102679929548873e-02
1.903574800513492885e-02
3.025831067285507381e-02
2.230667063189441940e-02
4.730726844048099150e-02
2.010219061786368971e-02
2.436434937202753073e-02
6.425671134044833033e-02
6.092822578864072469e-02
nan
1.180853285820187074e-02
3.840565657053546245e-02
4.468535634054960487e-02
2.452264800680329856e-02
2.399894108044995159e-02
2.474632436060983029e-02
1.620544476040713597e-02
1.914274964849817934e-02
1.178757972075133303e-02
1.974174192746271442e-02
3.363229328231050197e-02
2.022616665501687783e-02
nan
2.874328375485613041e-02
3.483342306598613200e-03
1.281347611601227343e-02
1.334846535178924390e-02
2.321300047476636957e-02
2.225021545692756897e-02
3.966250410915039132e-02
9.817942723370191513e-03
1.288781162372967283e-02
2.921799963662977118e-02
nan
nan
8.409855896273758791e-02
1.005261209282839463e-01
7.536402899449198833e-02
3.566456833910471719e-02
3.571921617892635098e-02
3.421187341683580574e-02
1.961560384559856915e-02
3.188966935175185230e-02
1.171115995292941296e-02
3.145649169658678440e-02
1.286585217051351183e-02
1.204514489760411845e-02
6.270347733902432996e-02
2.024118692992037116e-02
1.900399995613353751e-02
7.277151214621935260e-02
2.917497010959891647e-03
3.921613759756344825e-02
1.081175427084096231e-02
3.291174289260957037e-02
2.075652404060371672e-02
4.857546168548636766e-03
2.647250278364591397e-02
3.731355453381850207e-02
6.672382194116491250e-03
1.821389594915037019e-02
3.782354207947594138e-02
1.649194437843614497e-02
nan
3.411687979260022430e-02
2.430124365332671232e-02
1.457196141831397854e-02
1.755084575297385582e-02
1.344229150441823492e-02
1.415409246225698275e-02
2.182655352458877374e-02
1.179257668179499972e-02
1.531030389225549598e-02
1.371674569113239678e-02
1.054093526143778416e-02
2.819534496521376721e-02
1.117785421553360928e-02
1.726303618399202544e-02
3.857742883544487689e-02
7.430689923187875842e-03
2.211098177452871030e-02
5.821933040106942042e-02
2.331654398981439572e-02
5.523259814718265576e-02
1.605911813340275482e-02
7.934192240226749585e-03
1.457595616628729746e-02
4.224483061382047766e-02
3.483246190103229945e-02
1.427735742218300824e-02
2.386882000949546584e-02
2.116762080311530500e-02
6.153042415306867949e-03
7.336816880017026608e-03
8.864356457341956291e-03
9.199455103662769820e-03
1.407452659203239746e-02
1.214548566175949022e-02
2.585792641028162100e-02
1.109848292864022874e-02
4.001892101297497423e-02
1.058317596401346129e-02
2.227352362580177492e-02
1.423912378311198955e-02
2.585476312052279596e-02
6.648285451599859897e-02
4.647035421684448525e-03
2.087108394098923306e-02
1.084850070987655908e-02
2.326631874427632571e-02
nan
2.429533932468607924e-02
1.891818460017708273e-02
1.152199504299254891e-02
2.009244773066821629e-02
1.868908948482218835e-02
1.824710920369022882e-02
9.233572847846382298e-03
1.228476115970996221e-02
2.385808918827388853e-02
3.396152584738522384e-02
3.291315831860647245e-02
2.697246103949887258e-02
3.056931146438570182e-02
nan
1.853828800332534693e-02
1.120176408516671517e-02
1.899905790927256324e-02
2.750445965469975902e-03
3.556035358406939989e-02
1.493641486636747978e-02
3.678535718660397302e-02
nan
1.679333822441215346e-02
