nan
3.836765927829107609e-02
2.883709689243882032e-02
4.171390244812815673e-02
2.689170478176613685e-02
1.586737119499469564e-02
nan
nan
2.872578905168069602e-02
1.400158037401195293e-02
1.603072778470339410e-02
2.805915299062765669e-02
nan
3.915211914485348943e-02
2.037300737653194305e-02
6.269550663126592649e-02
2.259131838432377332e-02
1.060337817761116894e-02
4.590881309956877654e-02
2.471664107770365354e-02
4.873000559495947043e-02
7.180851324480638787e-02
3.984163886154136469e-02
2.868706182262839924e-02
2.250478377465748095e-02
3.172578273779665115e-02
nan
1.162119818783898841e-02
2.379158368909437687e-02
3.504474372792428655e-02
7.257063532618795998e-02
3.153850890403352841e-02
3.352174514640391539e-02
7.417663242320073069e-02
1.862256984731158055e-02
nan
2.077515360807417194e-02
2.170685684713959118e-02
2.712276645256833998e-02
1.958582858366026552e-02
5.185031449201997489e-02
5.248513252540819296e-02
8.125191151023088143e-02
2.336996294341160338e-02
4.127409251130227663e-02
4.127530730233256590e-02
3.436201208810226587e-02
5.529126545729681763e-02
6.458997882746259078e-02
4.350274156536491910e-02
4.366507754981019396e-02
4.817675437119692955e-02
3.046098146432911491e-02
8.757599896049624022e-02
2.872237501448433525e-02
2.889320359616344078e-02
9.741881292121480629e-02
5.651513461332564880e-02
nan
2.219953334307965889e-02
1.717276254012266995e-02
3.096343709842061878e-02
1.684454863594498503e-02
3.251396295869965480e-02
nan
2.232042602211858906e-02
nan
1.481581178802667681e-02
nan
2.900966065474329739e-02
5.348077487534322327e-02
1.441906651657700981e-02
2.498206968752801974e-02
8.252185126237443491e-02
7.644771791381406445e-02
6.146839450178381847e-02
6.614853835418561118e-03
nan
5.642516907125817716e-02
5.645878090591716081e-02
3.755250622433175395e-02
nan
1.974925246488835884e-02
4.762538001519766445e-02
nan
1.260428800874867361e-02
nan
4.215152699636988409e-02
6.717036722763844447e-02
4.473573641842696486e-02
2.194350620537545080e-02
1.267146921690232540e-02
4.735670479873976824e-02
5.947260217521412734e-02
2.292745016512063444e-02
4.421527101911309349e-02
2.305798873901303628e-02
2.473312307272028387e-02
1.675796274937855004e-02
4.241314689807923477e-02
1.851011501043087551e-02
8.956229888478788037e-02
1.035984823014955564e-01
8.516449272085090116e-02
6.652201162909018861e-02
5.354869352439398100e-02
3.636762159551160806e-02
1.756011599694621075e-02
3.642772581985020269e-02
nan
5.336102795736812759e-02
2.728906979792015616e-02
1.208676186267162479e-02
6.009271981766166337e-02
2.571975694040093061e-02
4.174035397815944320e-02
7.422557347884645162e-02
3.213023187104768058e-02
5.354630508541127765e-02
1.424413330872988971e-02
4.695050756031945993e-02
2.035324715143868243e-02
4.821488841723813555e-03
nan
4.208822168975079325e-02
2.467353181226354664e-02
1.869345073123547182e-02
8.230248601714729162e-02
4.225458367406158267e-02
1.054931790407211134e-01
3.071115053878061690e-02
2.075135905054954766e-02
5.356293682541017620e-02
1.846004705774934723e-02
1.182623665349424869e-02
1.415197210498763021e-02
1.292515830324779923e-02
2.390000409468368003e-02
1.131992381398918592e-02
9.016428881567895015e-03
8.350889731460555548e-03
1.994203559145718910e-02
1.134975649577263206e-02
1.003872307109586297e-02
5.997833608354453255e-02
7.547927374895623508e-03
nan
8.041284052580346953e-02
2.627340079200365594e-02
7.774611453829992358e-02
6.187292551515593403e-02
1.934877831414403421e-02
2.424487433611285242e-02
nan
3.111109068042445039e-02
2.816999775037127077e-02
2.874427537531943494e-02
9.572536580110825588e-02
6.165770263815397584e-03
2.159806054395250335e-02
3.297764191282355484e-02
7.316794191085895099e-03
1.429342678011108481e-02
2.385489321900193666e-02
3.313524370934928243e-02
1.700780838307330151e-02
nan
2.850631366557023275e-02
3.221279268690881853e-02
3.640430954058776914e-03
2.276961408240292528e-02
8.078129392059560376e-02
nan
3.137132788714422360e-02
2.480695826337187687e-02
3.093744388182329691e-02
7.532222738376326276e-02
2.560440213250319771e-02
2.931578981229541678e-02
nan
3.163719761265556402e-02
nan
nan
2.457189262312308581e-02
1.926820702926533221e-02
4.082073940002529239e-02
4.698618639382953072e-02
4.676911832868776292e-02
1.054455265223867150e-02
3.239613413616233145e-02
2.980702926273517267e-02
2.145802088888253134e-02
5.865613777760258531e-03
nan
2.077942493918844696e-02
3.791626353726385013e-02
nan
4.589227198074893183e-02
3.342157109888631988e-02
nan
