6.053919637792418151e-02
nan
4.400774708682174408e-02
4.661109532293274127e-02
2.686069002217778348e-02
5.129853174067185856e-02
4.210266247835476455e-02
2.124629752329723967e-02
1.406984567926964150e-02
1.179145018427807216e-02
nan
2.331928641285118189e-02
2.876052228695040805e-02
nan
1.306260850637591849e-02
6.289386811344126194e-02
2.327699525256619190e-02
1.139550649183491450e-02
4.860370952420492441e-02
nan
6.398832674382115560e-02
nan
nan
1.195421066826824960e-02
4.341961618120607214e-02
1.899762539881971746e-02
4.686375620204118880e-02
1.957685226079212276e-02
1.509851885200402463e-02
4.068298039922489673e-02
7.996059695621991759e-02
9.800490919657359190e-03
4.731972431922876893e-02
9.265201689197063994e-02
2.648947159471892396e-02
2.492751737759238417e-02
nan
3.023530973602497549e-02
2.851040257805145459e-02
3.941228671841080777e-02
4.895379113365117690e-02
5.681425994753955266e-02
nan
5.225444628708739853e-02
1.436431882274456090e-02
4.117815839234089531e-02
6.832476182558018529e-02
6.850409842523305648e-02
6.568412442796398021e-02
nan
3.965301709018134724e-02
4.149723019807768226e-02
2.800382927850338446e-02
6.243586303797079434e-02
6.839783284313881440e-02
2.641822720742880576e-02
1.137895184440789326e-01
nan
3.376331759067537769e-02
2.403964621773670499e-02
3.520734533366633862e-02
nan
2.673801454228054778e-02
3.254190173442984141e-02
5.312102380528573031e-02
2.719653207854980451e-02
nan
2.483630601103060942e-02
5.371085185653584615e-02
6.047920062463906649e-02
4.970543406222135280e-02
2.471637700350425362e-02
2.692611445596453448e-02
nan
7.140300339039427902e-02
7.044926206084270448e-02
nan
1.049853036038384535e-01
5.801361066253536009e-02
7.679855769371102259e-02
3.468868792024908110e-02
4.212081533559279556e-02
2.223788770298715592e-02
6.719760498320435926e-02
2.661734540157209908e-02
4.400338666706637980e-02
5.869843247770795136e-02
nan
9.137585013580262761e-02
6.187679527294952242e-02
2.114133429936889547e-02
2.405805665292475373e-02
4.590543728269157880e-02
6.038154175235039417e-02
4.991160125602504133e-02
4.224047205466260196e-02
4.328849553507606307e-02
3.445300261734558778e-02
1.795599010022533998e-02
5.544046009890544330e-02
2.190711866654182494e-02
1.084703089885052651e-01
1.255883807077483316e-01
1.045799617711177937e-01
7.455057235167615592e-02
4.207193229357594766e-02
4.088670432775409758e-02
2.200614934051436933e-02
nan
nan
7.774302053393732093e-02
2.476611509129742275e-02
2.156132001668406226e-02
6.007980823019996169e-02
1.041157226279175105e-02
1.999096803145515230e-02
8.556991926024727635e-02
2.194626805947488823e-02
7.854880345295808808e-02
1.511576027819726102e-02
4.713446329548451330e-02
2.581714110039216165e-02
4.010454256159177999e-02
1.838304195449983608e-02
nan
3.651972131847776998e-02
1.619402655506718344e-02
5.420050911224798956e-02
1.665195666546643097e-02
1.300489921555194328e-01
6.864949898839367570e-02
2.457510945836331034e-02
6.743673793271630357e-02
nan
8.618483744187950546e-03
nan
2.667515601310005771e-02
2.195336434103474510e-02
3.252592239733563539e-02
3.187888117691878992e-02
7.366594072831474105e-02
3.495135871792346555e-02
1.249147192153753777e-02
nan
5.969436490127316697e-02
3.163262897912944710e-02
5.952942397417590459e-02
6.913557481024704132e-02
2.923010738481447712e-02
9.719497538704910400e-02
8.201133469368054874e-02
2.290219223235874860e-02
2.951667459278561542e-02
6.525402346508960005e-02
5.447682493546795318e-02
2.947888151590762756e-02
4.638179770061755941e-02
9.558291607791993827e-02
4.102444120661042498e-02
4.244878217677130333e-02
1.845724541548384584e-02
7.613998903920542877e-03
2.055498110920618571e-02
nan
4.173293621110000379e-02
2.519321419129996395e-02
nan
4.186612878420421097e-02
4.025093553017590475e-02
2.320197258983355132e-02
5.439509899902568446e-02
9.655970462622313899e-02
2.700065725973641376e-02
4.107703446747125453e-02
4.111989062793762473e-02
nan
nan
1.888609500634933977e-02
2.687513569057925142e-02
4.500156584148187755e-02
2.899843206394631459e-02
4.960366061780299707e-02
nan
nan
5.228726459691915296e-02
3.460524961149520629e-02
3.488684932056472510e-02
nan
2.633071302514334786e-02
3.765344136169634232e-02
1.901395594371791883e-02
nan
2.961548960418769819e-02
4.974250599953596030e-02
2.553358868858435562e-02
nan
nan
nan
3.447260409606615894e-02
5.110928275328512765e-02
