nan
2.795881836777309656e-02
nan
2.451513894988070416e-02
3.112448039948530198e-02
2.250518270039362709e-02
nan
3.271618178419660738e-02
1.304965852591627451e-02
9.873262675118938889e-03
5.730880898755978323e-03
2.106454097746460544e-02
nan
3.864155196307148682e-02
2.356607979456807819e-02
3.105387403609010874e-02
nan
2.441534788592875788e-02
5.152552056862129415e-02
2.005729380292208333e-02
nan
2.829263342911080698e-02
2.978545447379386465e-02
1.884094257765077732e-02
2.352705785432973248e-02
2.945667525108144544e-02
3.408722730633421266e-02
1.109305859376208533e-03
2.119622551744163030e-02
2.005806920421613487e-02
4.432087342529491408e-02
2.515524171314119026e-02
3.620788754726110559e-02
4.992345265712064273e-02
8.653964061855203352e-03
1.424526186575585454e-02
2.170120587545647239e-02
nan
1.349596134103665107e-02
1.820307884717076857e-02
nan
nan
3.239003911094316679e-02
2.698448573659502706e-02
1.103912211087981765e-02
2.799873790101933477e-02
3.496443804848071296e-02
nan
nan
2.083066454567977788e-02
2.465303838301608277e-02
3.627264035533053765e-02
2.741833064872328807e-02
nan
3.132272874851833866e-02
2.573173849825433415e-02
8.748634524155640690e-02
4.843611829486463988e-02
1.849482625213771242e-02
2.116130508680622024e-02
1.001099087718174477e-02
2.999492087882008051e-02
1.374675926597670843e-02
1.761753069256197235e-02
2.249207323415493981e-02
2.634439426047825369e-02
4.091443183989099119e-02
1.899596993388789207e-02
nan
2.550990576605796298e-02
4.727564208423375852e-02
2.079102789697546624e-02
2.436434937202753073e-02
6.516335306440421138e-02
6.090560302754974981e-02
nan
1.202708256640118607e-02
3.840565657053546245e-02
4.468535634054960487e-02
nan
2.162285603295773656e-02
1.836896656402657591e-02
3.129512707140736510e-02
2.168436840225883636e-02
1.085249780613311600e-02
1.938603160478777343e-02
nan
3.933626808141241216e-02
nan
2.828391388524018751e-02
3.007492164127164181e-03
1.316626610420389490e-02
2.850244703454219222e-02
2.912049361059464506e-02
1.214533247533235334e-02
nan
1.629771948507802853e-02
1.480907542980934057e-02
1.662825024414110037e-02
nan
2.862806620135040572e-02
8.286204332770380487e-02
9.868236332241522857e-02
7.438198759450997954e-02
3.629305658457220030e-02
nan
3.436722294856805332e-02
2.285061075937260683e-02
3.643840813125226452e-02
1.276009980500884301e-02
3.048550962152896462e-02
1.391536496915398574e-02
1.204221361261511962e-02
nan
1.902774148895588699e-02
2.711572022043077373e-02
7.164640270767967667e-02
1.425514989979530765e-02
5.295618310319520627e-02
1.314252459410355026e-02
nan
1.198346594793075690e-02
4.748974211294643664e-03
2.679680728823247843e-02
3.631975462306692715e-02
7.851412484055462701e-03
1.725295016791659683e-02
4.407573867798862677e-02
3.737633531268714105e-03
1.069593068126434704e-01
3.405279171695542451e-02
1.528734284840301862e-02
1.453220236070407179e-02
1.660556312423206587e-02
1.259397625029778575e-02
1.415409246225698275e-02
2.460255641352048286e-02
1.217700832212656112e-02
1.480188625014569083e-02
1.506470287096881369e-02
1.267431992711216988e-02
1.420870272629113674e-02
1.107151091402908301e-02
1.659923937663923196e-02
4.869225939765160077e-02
7.614977106718930772e-03
2.211098177452871030e-02
nan
2.063914441366975633e-02
5.422941229700718041e-02
nan
6.307202907746658690e-03
3.460302230067117263e-02
nan
2.897637336874135661e-02
2.813252574563560732e-02
2.414465512974407063e-02
2.051239384350631370e-02
6.202010827727910507e-03
8.678747906609551865e-03
2.232472129473675806e-02
7.868305638061852403e-03
1.415668795040841109e-02
1.182244037242901474e-02
2.618733532283836624e-02
1.123130850924439900e-02
3.998994533564654424e-02
1.156515002479137182e-02
2.990154759995734823e-02
1.422804334517590620e-02
1.137045266751204702e-02
nan
8.627126267675009480e-03
2.548465014170304618e-02
1.058086764249110273e-02
2.834744252784618043e-02
4.221689030735635562e-02
2.759462110221616929e-02
1.896201292156886320e-02
1.672266711416985768e-02
1.585334253192741127e-02
1.677320800258398636e-02
2.680922845765747187e-02
1.234468174036894642e-02
2.037313192887541327e-02
3.168433415742875209e-02
nan
1.641442981461762457e-02
6.425970001894034007e-03
2.824367270790547821e-02
nan
1.946625079950898077e-02
1.353615596085052178e-02
3.578087998414122145e-02
2.341413061854548047e-02
nan
1.074200979758066846e-02
2.051851290477530246e-02
3.599955145880612967e-02
2.930480957246962836e-02
