8.246078983352141123e-02
1.105700732384004847e-01
8.656272165470460522e-02
1.214506549180274231e-01
6.959072315831514588e-02
8.264207236240680987e-02
9.508058928513453412e-02
4.877476547281830999e-02
1.100960621935474504e-01
1.709800073836953427e-01
1.805760666774150827e-02
1.129534498164740941e-01
1.079107515140331902e-01
1.768683383915089224e-01
6.264834805724903144e-02
5.114190359409535175e-02
1.138961252076741287e-01
9.446245755590855497e-02
1.261620053248595219e-01
8.474859407024651348e-02
1.114531786822640508e-01
1.336141047880708699e-01
1.254878720596636632e-01
1.333464362154914706e-01
1.219890554321780701e-01
1.156607166988021795e-01
3.899298263688117522e-02
6.150914847071380087e-02
1.314930717776141011e-01
1.950316029822787012e-01
1.095839998433658646e-01
8.759453675654280125e-02
1.201777692603725328e-01
3.613375908688759575e-02
1.927536661093626549e-02
4.340648364925517311e-02
1.041991478051159103e-01
1.348112348207814726e-01
1.147937827034690023e-01
1.256554997436341026e-01
1.508642092793980038e-01
4.869712861564990530e-02
9.668251844725180011e-02
1.210361791251640950e-01
9.088287873164303809e-02
6.978252645105301188e-02
4.133670745284502568e-02
5.988119553842873033e-02
9.062233368746029638e-02
1.640026616373774226e-01
2.334124965779552086e-01
1.018649238249440536e-01
1.850301971192919448e-01
5.903825052209597107e-02
3.326818581929350677e-02
4.667351803932726084e-02
1.708520987109106992e-01
5.491160296275696129e-02
5.392892166066722004e-02
1.212407325930295876e-01
1.063075740174975053e-01
1.146095999442609675e-01
7.620449378709943933e-02
9.250959546037214321e-02
3.377812481742749340e-02
4.204534794694561595e-02
1.436119687766098940e-01
5.530342117264866464e-02
1.143170880280926505e-01
5.194511993726342453e-02
1.399283384717455170e-01
1.899498119876435187e-01
1.883228586505662425e-02
1.283255141558675150e-01
1.322878068907730187e-01
2.136831679607960610e-01
2.213315890776755834e-01
1.304258951749739104e-01
1.900397424210170105e-01
1.166449738019418730e-01
1.599963949224596574e-02
1.645810090979404339e-01
1.088864564985538158e-01
1.537462330154570345e-01
1.154002471433199783e-01
9.646168621130869758e-02
7.064782104123662476e-02
3.638048426267117413e-02
5.547747486512547010e-02
9.794343487319746855e-02
1.081871925830337616e-01
1.039681240967337689e-01
1.639462034827392223e-01
1.263627034184572617e-01
1.903690407096693682e-01
9.608911299160700914e-02
1.251873936609816662e-01
1.639157596596088895e-01
2.126058234757310095e-01
1.516575189930639556e-01
7.190928439692703678e-02
1.446175426971621492e-01
5.883657888287163740e-02
1.582566726248327837e-01
8.564448829511588090e-02
1.275952438521016363e-01
4.337900262613321456e-02
6.622913570527325100e-02
1.438814109674327602e-01
8.030732154227375463e-02
1.456336013476845215e-01
1.390400113104236779e-01
4.786572244710216029e-02
6.548544204494927135e-02
6.937785418206078580e-02
4.571900413128945212e-02
1.309415464905901993e-01
2.288813635512164726e-02
1.412728836011652341e-02
1.210267240402690681e-01
1.317448373129028183e-01
7.898290294742847661e-02
8.257414081948805107e-02
9.526821608882658776e-02
9.080152884742971608e-02
1.234192059020796928e-01
5.866172301215097362e-02
7.258823307538181391e-02
1.694438191041666153e-01
1.164427435753703083e-01
2.295192073246361542e-01
1.611229625761618212e-01
1.184999563341620488e-01
1.028764509576520492e-01
2.124881731780682570e-01
8.826352552037629307e-02
1.956869383997682510e-01
1.363292653502452823e-01
1.638581827549188130e-01
1.394505607343665132e-01
1.185309430663079588e-01
1.284702602798814541e-01
7.398979002682044837e-02
4.279456900267104846e-02
1.816502737518179977e-01
4.825692701310574373e-02
9.501281199358849183e-02
1.118469216973582703e-01
2.119780143301070729e-01
1.146240028222015733e-01
1.816349663356104371e-01
5.336208790898659682e-02
1.105933306327464838e-01
9.503859519281392110e-02
1.299512158578471632e-01
1.373826786613434603e-01
4.962912741593593358e-02
1.192238531669957691e-01
1.245987131782897855e-01
1.425967945690820582e-01
2.049924516941538724e-02
8.296609522825589000e-02
7.858201205017426028e-02
1.056268351908026676e-01
6.939462283730588044e-02
5.000622806599987896e-02
8.786159604228380160e-02
1.341994292786944931e-01
1.344190069920882247e-01
1.186587712438755271e-01
1.236277055305667893e-01
9.075650144329919233e-02
1.162640630923325452e-01
5.401653218194286954e-02
1.112208675675407377e-01
2.649133158537158791e-02
1.527122857334717310e-01
1.073709097555289732e-01
3.612503364544285972e-02
2.135235134527549150e-01
1.205767633645529607e-01
1.868404727259697917e-01
7.062779805591426485e-02
1.448050371332065545e-01
2.860311350773601241e-02
8.643030547948668540e-02
6.968415785446560595e-02
3.032471319540348820e-02
1.655428855598831128e-01
1.017634716776009279e-01
1.634262310503203086e-01
6.614141232233280987e-02
1.048317110261781371e-01
6.427368860354717994e-02
8.979971771533357128e-02
1.153772347375052881e-01
1.789856047155185814e-01
2.530430950388282835e-02
1.535933413324255814e-01
6.697633468491324960e-02
