8.351391538199480491e-02
1.143492642763308254e-01
8.741815895832964756e-02
1.196268210734974385e-01
6.375379991530490120e-02
7.747832229937513804e-02
8.860155272045576458e-02
4.450502711350914214e-02
1.041979621606666379e-01
1.739693168723785432e-01
2.196019189835666727e-02
1.114954862590226414e-01
1.061101205243888679e-01
1.788299258835507055e-01
6.341954265799100432e-02
4.760057773842418793e-02
1.147373722091946935e-01
9.150634649127134534e-02
1.203078196089518992e-01
8.715995892842959281e-02
1.177039587978866569e-01
1.397969677062648186e-01
1.199073165433848787e-01
1.374761469790867774e-01
1.277176748140836926e-01
1.192851414588260023e-01
3.280736489454038479e-02
6.679955245566279731e-02
1.359565042721314343e-01
1.894953046433658639e-01
1.036607021839233839e-01
8.205561623665237614e-02
1.260599924774744585e-01
3.711771414041929729e-02
1.454378137576666126e-02
4.876375613420951688e-02
9.883448599836885951e-02
1.322428083913363139e-01
1.147972065504669487e-01
1.303910048900280561e-01
1.450831962900822891e-01
4.312371586474213897e-02
9.354186618671909981e-02
1.156259413564856425e-01
9.598825323286039324e-02
7.559066429406585685e-02
3.638548433482543393e-02
5.430098527651391199e-02
8.430866623302997465e-02
1.650899827637681283e-01
2.350689587044263174e-01
1.011518581498855457e-01
1.843364624569036048e-01
6.224219873636764599e-02
2.893723372144574660e-02
5.127332554806653120e-02
1.672742586528799258e-01
5.047976848611816780e-02
5.849089812672510907e-02
1.254276784477794948e-01
1.011777206774276822e-01
1.082451331421273449e-01
7.905927455321416775e-02
9.109812838150058156e-02
2.948402770399513942e-02
4.752779280990322014e-02
1.488814706004203958e-01
5.301349682179837958e-02
1.203684695760558893e-01
5.737449601044432301e-02
1.389563013865175445e-01
1.846163376972825287e-01
2.178339750450154766e-02
1.237263618931177533e-01
1.335362695003615985e-01
2.126236828951271196e-01
2.225406877244548165e-01
1.363847859946314411e-01
1.928228186124168186e-01
1.223799637982759120e-01
2.178259119401481508e-02
1.614911956542832983e-01
1.141128625907698452e-01
1.567935028044283585e-01
1.146875131729965108e-01
9.576377257674531518e-02
6.482348561549283739e-02
4.042507873044707406e-02
6.165784282507673353e-02
1.018274361758581131e-01
1.025431617318353639e-01
1.089060094699470793e-01
1.581621082604679485e-01
1.321533532431438396e-01
1.892912706948981783e-01
9.323387711590942761e-02
1.284466384973268760e-01
1.634180503891301817e-01
2.139572375577405150e-01
1.467451014564960798e-01
6.840010431540535785e-02
1.397764252228773929e-01
6.314141756631411195e-02
1.539570239147327324e-01
8.591006555499300368e-02
1.337019227175322011e-01
4.832530783539796398e-02
6.789470984611810367e-02
1.382439611423328663e-01
8.684131097828509671e-02
1.399109507903930905e-01
1.348848076524543083e-01
4.547893038163090818e-02
6.876206577125670849e-02
7.452792402307854835e-02
4.740374354097251497e-02
1.266777531609464547e-01
2.036405522393077219e-02
1.748348437561675697e-02
1.225354300194924778e-01
1.260407993357973433e-01
7.929010548795581426e-02
7.696450087656026007e-02
9.402632167309948885e-02
9.055727331858494378e-02
1.297638888699921556e-01
6.400543259499945348e-02
7.213977936775685385e-02
1.674953062459247355e-01
1.111478222020390039e-01
2.310935788331776042e-01
1.563783476855228061e-01
1.247347074470348538e-01
1.037537142635393261e-01
2.117515822297370287e-01
9.462393884668028610e-02
1.971631499353567463e-01
1.334594750880408187e-01
1.654833995783349943e-01
1.339377570043959187e-01
1.211330463132441332e-01
1.232873955845421865e-01
7.311699136106550312e-02
4.860280753050354868e-02
1.763227356970176740e-01
4.938267972373906745e-02
8.994668691086396550e-02
1.147209800820230274e-01
2.130051691585743978e-01
1.130809674551950667e-01
1.834059500087018568e-01
5.730195778221135183e-02
1.064233834848571508e-01
9.129204464402326802e-02
1.312525933008889534e-01
1.401217475451277117e-01
5.098766568880924721e-02
1.147581767775109340e-01
1.201258921993532264e-01
1.448962129882953864e-01
2.697787103785027549e-02
7.670274024989215400e-02
8.150122125245312654e-02
1.011679058184383473e-01
7.488380751301962346e-02
5.312520922954204472e-02
8.965184293769684620e-02
1.396122236572794606e-01
1.362357052590222883e-01
1.174264751983530863e-01
1.274666781008482741e-01
8.662043153938801809e-02
1.201237527890400975e-01
4.771156512577039155e-02
1.093367027840312505e-01
3.276015123533138063e-02
1.559600694191895509e-01
1.071089862895573397e-01
3.201407158033559019e-02
2.142151005579424061e-01
1.191493901981358489e-01
1.895041233339451181e-01
6.923431311281282030e-02
1.388655157887873359e-01
3.481546997253694153e-02
8.463362550616936042e-02
6.707429070683938732e-02
3.460779835677106619e-02
1.610057861189220230e-01
1.061444903982740329e-01
1.628143078698741641e-01
6.162348236669668022e-02
9.884396453928659398e-02
6.749244075268001630e-02
9.420334661170091939e-02
1.104852659174810625e-01
1.794419784674839702e-01
2.372458997738174924e-02
1.479681499270374401e-01
6.235663747367006793e-02
