8.262718206486073524e-02
1.003254452794316715e-01
8.758534702706045894e-02
1.293051961733885924e-01
8.894294966208021735e-02
9.991578552403138080e-02
1.157005118763822921e-01
6.499100396540632985e-02
1.293555051944487444e-01
1.630860041832689344e-01
1.972888998488437143e-02
1.202086048341226010e-01
1.159049121760791501e-01
1.723741735222143745e-01
6.444379776391925829e-02
6.526899309554864970e-02
1.138397136626117662e-01
1.062617397916993528e-01
1.452235452010897376e-01
8.048628113938234574e-02
9.174476123590812049e-02
1.143062696360119257e-01
1.436039374051248652e-01
1.214125211308790669e-01
1.042302593903708247e-01
1.058149339427204016e-01
5.925234168354092529e-02
4.727412922283538710e-02
1.184149648638376934e-01
2.129093003906809001e-01
1.286581235067890683e-01
1.058507072477228722e-01
1.020672578756455923e-01
4.021207391176213203e-02
3.804311948431118168e-02
3.032683521370406823e-02
1.221689535586692882e-01
1.449081390126069069e-01
1.174580094377531969e-01
1.115614094638042314e-01
1.694478970576100973e-01
6.756521330462920971e-02
1.083233089691634787e-01
1.389475097237926338e-01
7.614859791467172567e-02
5.257933264144690894e-02
5.908739032408769770e-02
7.855190435167716534e-02
1.108622205036214059e-01
1.624344789484175600e-01
2.294027270637115368e-01
1.063441032929137720e-01
1.889420320086733218e-01
5.290511634963366433e-02
5.052965945355574612e-02
3.666230397226833554e-02
1.834697238546852405e-01
7.099786648971673220e-02
4.339990091775551562e-02
1.098189815759090249e-01
1.235769198023119325e-01
1.348921409394726600e-01
7.092497324041824314e-02
1.001084560459162692e-01
5.059745008493369417e-02
2.829770405945220002e-02
1.277930277339381637e-01
6.644161995513968300e-02
9.534792657627666479e-02
3.708467982563564552e-02
1.452095697528353602e-01
2.073714797418029776e-01
2.309016525240140116e-02
1.440503546550288283e-01
1.304065559531593921e-01
2.184712487961764371e-01
2.188523929854627459e-01
1.118806006449840212e-01
1.826197248039430066e-01
9.919281023202596026e-02
1.134266137869165830e-02
1.758365855960393465e-01
9.364100485041695898e-02
1.458047458463596624e-01
1.203430251041985449e-01
1.017094409416274270e-01
8.981413840559090978e-02
2.967236963399271996e-02
3.655536404711086373e-02
8.732529038720321379e-02
1.268784761220980162e-01
8.979144683850887043e-02
1.826595574476757855e-01
1.086262979703568193e-01
1.954212790734211613e-01
1.071503102761494075e-01
1.168183845476020721e-01
1.674462200719023242e-01
2.097312632884085482e-01
1.681233825174160978e-01
8.555046932797641390e-02
1.609473664030261486e-01
4.908589931446439431e-02
1.729363289741996657e-01
8.833788347809518049e-02
1.083948164318631613e-01
3.173854253312668322e-02
6.491118608726044459e-02
1.621446311095422754e-01
5.953949779333009285e-02
1.642286069039012308e-01
1.535170784749410877e-01
5.985014388732677604e-02
5.834482906210635561e-02
5.544610140391596775e-02
4.691234757123743937e-02
1.458023534397491494e-01
3.777081323942933083e-02
2.063192537691089026e-02
1.188420626847179473e-01
1.504158213338057937e-01
8.165042686331537569e-02
1.012783615505761653e-01
1.022345451826870144e-01
9.486409234807424706e-02
1.034103721410478682e-01
4.438971360976139147e-02
7.812654015535361318e-02
1.772989652758238388e-01
1.341175382818787232e-01
2.258235058438280984e-01
1.770842630687890495e-01
9.894098961494392219e-02
1.030580317064297147e-01
2.162910592438129775e-01
6.837757863511144396e-02
1.925408068877545176e-01
1.472263168951716272e-01
1.606123386287491017e-01
1.574715751239161299e-01
1.125760501534833619e-01
1.454610793908462374e-01
8.047967324283385182e-02
2.723220409964366429e-02
1.990555673375241086e-01
5.004687334612951954e-02
1.123346149728650933e-01
1.050634372244177578e-01
2.101648505457297533e-01
1.218302676801542028e-01
1.776568358885535215e-01
4.550651061702264827e-02
1.253976751615652752e-01
1.087508989528011977e-01
1.282905962645308762e-01
1.306007118945627099e-01
5.053558812935769751e-02
1.347465715344276505e-01
1.399547764655949267e-01
1.370747852259282251e-01
4.151983878124393228e-03
1.030441633445434019e-01
7.287352801921813394e-02
1.207926520879189225e-01
5.388529997655767262e-02
4.543906518068070721e-02
8.519624499468590739e-02
1.175121483194281613e-01
1.308844552669516104e-01
1.251246660128158550e-01
1.129149231399265846e-01
1.055295564843467676e-01
1.053986964834780909e-01
7.429562250527395328e-02
1.196968182976754086e-01
9.395270726607165765e-03
1.438714626524070506e-01
1.107590880050683679e-01
5.252597117083716849e-02
2.128039552542975721e-01
1.274961869440991435e-01
1.798464188772155026e-01
7.836614171383297911e-02
1.638473170842597582e-01
1.169893559491299272e-02
9.504740481430938581e-02
8.062587760198289266e-02
2.447704956126927484e-02
1.808447901401166180e-01
9.000173253432780518e-02
1.672142765461481495e-01
8.234598929573533344e-02
1.241712343240474747e-01
5.778600234682893660e-02
7.811310633794062153e-02
1.319644633427715930e-01
1.793123159364547747e-01
3.857320154021678937e-02
1.717145067874704389e-01
8.324467480412633957e-02
