9.742349649355999675e-02
1.294180554648163561e-01
1.092170405685248813e-01
1.207049442751228913e-01
5.515328092229155460e-02
4.845550665340649099e-02
6.527958223137773908e-02
4.384407144966495640e-02
9.086812245763103979e-02
1.953111115798734643e-01
3.885437164934694987e-02
1.237147118327474177e-01
1.065758906095997244e-01
1.975618430629343392e-01
6.760089804274321823e-02
2.674849291517366473e-02
1.283686076121732800e-01
9.693720993953962306e-02
1.053098043764962022e-01
1.087922275118041737e-01
1.389955806308669772e-01
1.652107747676317129e-01
9.540534925513563524e-02
1.507599739685057672e-01
1.460851717179309228e-01
1.320437227235702338e-01
2.551252013890206380e-02
9.538211811106453442e-02
1.513931110006993819e-01
1.688001053606668356e-01
7.648455395976942739e-02
6.051281572393509695e-02
1.504008695312777921e-01
3.741359396197217746e-02
1.672774847597291448e-02
7.768176525299944069e-02
9.063782309539687720e-02
1.379432946769760804e-01
1.283619051256572330e-01
1.443685891523048825e-01
1.196290396765177094e-01
2.310089891050413208e-02
6.961139069762459219e-02
1.032684252287471016e-01
1.181819443173005718e-01
1.004737999061055265e-01
1.554164954150100836e-02
3.020383785019111963e-02
6.370102565753768542e-02
1.799336542513927106e-01
2.490057929052541530e-01
8.772296377161521719e-02
1.942854813009433912e-01
7.603209550345688128e-02
3.819801016198768467e-02
7.838410608847427852e-02
1.652422844285084125e-01
3.032205837450187291e-02
8.607049456395807208e-02
1.520659936978512872e-01
9.101681972141850707e-02
8.371226605605262827e-02
1.047014008589085693e-01
1.044727954355649385e-01
1.135500043925728730e-02
7.557980417125480244e-02
1.740657565821244757e-01
5.534011933132020056e-02
1.399492225409767754e-01
7.907101269357016959e-02
1.499394422669989013e-01
1.694414733593401778e-01
3.605669105244190681e-02
1.165207529762673638e-01
1.436010122245882925e-01
2.192882564877344231e-01
2.354821781177389162e-01
1.588775216525521450e-01
2.117241448066932985e-01
1.476460287399280757e-01
4.442661526000737937e-02
1.620315037597168384e-01
1.411634899482829275e-01
1.780260916502104107e-01
1.283464003798765463e-01
1.076734056629789354e-01
4.841910244738149155e-02
5.204373052778511755e-02
8.351959086252482012e-02
1.097405234947794461e-01
9.356849988782642291e-02
1.332445102284600669e-01
1.399727523066632284e-01
1.573657692367268768e-01
1.976979316628297290e-01
8.316184493679336376e-02
1.488861400994831441e-01
1.752635507228450795e-01
2.277648768075274388e-01
1.378734127299287293e-01
6.788654372142431670e-02
1.323664625982564902e-01
9.133518806885074226e-02
1.464635231323331566e-01
1.017530288661028792e-01
1.542311252682923572e-01
7.012197478750023527e-02
7.506341945968399154e-02
1.165357007258051858e-01
1.105184877122164372e-01
1.226348546359018188e-01
1.312617739285624197e-01
5.313904132540559627e-02
7.311777261961309449e-02
1.032560429347755410e-01
7.143740274688424596e-02
1.235096603142711580e-01
1.879225336102527399e-02
3.506546440813854137e-02
1.424046387075758313e-01
1.126905432892675030e-01
9.125076517068551885e-02
6.774278974569337974e-02
1.062551441938117680e-01
1.043964586815338130e-01
1.535731581892059439e-01
9.308820327532989214e-02
8.965732303151904836e-02
1.727921249190332853e-01
1.012702915800624964e-01
2.455209842010755150e-01
1.482930855654478741e-01
1.484239085121601964e-01
1.199172677267631160e-01
2.198390714102383958e-01
1.204034009030442026e-01
2.119958602817692828e-01
1.364177623279428653e-01
1.837293364790012484e-01
1.168212262885742619e-01
1.404444062646763303e-01
9.846832007959094302e-02
8.389717159792060841e-02
7.737757875921712214e-02
1.604952554051588542e-01
4.686006690317957857e-02
8.534831703582895779e-02
1.342223066484221905e-01
2.260347438047085322e-01
1.174232951344684334e-01
1.997873074258329218e-01
8.444118720502437336e-02
1.048105479558283926e-01
8.627851123830601598e-02
1.506256444781219339e-01
1.584119922287011706e-01
4.892449699234204669e-02
1.115800934867554467e-01
1.116732522449251780e-01
1.577286838194211782e-01
5.230226215412756702e-02
5.269376584282304404e-02
1.057732197833846505e-01
7.680220125975409373e-02
1.028841174324675034e-01
7.521491014577628975e-02
9.999747311871556854e-02
1.554267172283109177e-01
1.544824346363554424e-01
1.298649573613839536e-01
1.415262592595501190e-01
7.859809215296881257e-02
1.285017919242252005e-01
2.244126414039403564e-02
1.186877552912842665e-01
5.555267953968595629e-02
1.722481095164051790e-01
1.125411366865908952e-01
2.848882352172741467e-02
2.268552752116862192e-01
1.284491865467230209e-01
2.081340811393657120e-01
6.492786359123124684e-02
1.132059709313367607e-01
5.937322001677659833e-02
8.984361202095451915e-02
4.564441508015198296e-02
5.445765544346338471e-02
1.518541593873871387e-01
1.338584789962202481e-01
1.715090451746358602e-01
5.436397538926115297e-02
7.708134317889835108e-02
8.304938866757968774e-02
1.200648124402715344e-01
1.015668388841809294e-01
1.926194417632939027e-01
4.586056172557042426e-02
1.217573863246951965e-01
4.523417087346573440e-02
