8.496327871929883202e-02
1.169458302992187476e-01
8.743037281005076877e-02
1.201347033454993607e-01
6.181960565333000784e-02
7.637244707104659525e-02
8.659762241156027107e-02
4.394055010998414862e-02
1.023606112537473328e-01
1.755071868643456878e-01
2.460992393417912871e-02
1.110472960123159436e-01
1.067300694197893945e-01
1.800245229960229787e-01
6.546718483127625388e-02
4.782424190834417416e-02
1.159311424984243027e-01
9.078973197757385372e-02
1.186215487256485068e-01
8.850244205304884371e-02
1.204969759047729155e-01
1.423041848463308667e-01
1.188552511650046023e-01
1.402433230097304417e-01
1.306217293221647313e-01
1.219338250518976208e-01
3.100600970667672859e-02
6.855395272728259659e-02
1.387351324935608421e-01
1.883726064707598735e-01
1.022604350140391971e-01
8.105583506777123970e-02
1.286439341945006809e-01
3.861043229133073740e-02
1.367119579583726298e-02
5.010624961046140219e-02
9.715727928574346972e-02
1.316149341435142450e-01
1.154077345031928464e-01
1.332822735961229632e-01
1.438497711745965468e-01
4.093802058519826342e-02
9.371960464100356769e-02
1.142289935629941383e-01
9.858832265039410570e-02
7.816582704547987703e-02
3.479769208268321257e-02
5.227326421795474437e-02
8.249582746461131544e-02
1.661822652536850964e-01
2.365401798025455748e-01
1.025595908206833884e-01
1.846512606664072187e-01
6.485049201051076850e-02
2.780674054789058006e-02
5.314702922865909701e-02
1.665323944895526764e-01
5.033488887536765460e-02
6.019499802887008644e-02
1.269416543195927838e-01
9.994323216452973002e-02
1.064148038979193106e-01
7.997977899946655256e-02
9.064570714118774797e-02
2.862963007255297024e-02
4.957202825421564568e-02
1.511614375907097130e-01
5.360328402893960176e-02
1.232269052138022791e-01
6.019170842263779631e-02
1.390254194750941141e-01
1.833854979171578581e-01
2.382540280548241587e-02
1.226658453508813890e-01
1.352384906359805627e-01
2.129789505695289520e-01
2.238376369292483792e-01
1.391264402787256715e-01
1.945078048489478906e-01
1.248307604908544394e-01
2.458616334261634617e-02
1.609262054435678657e-01
1.161268816676717247e-01
1.584049384741749444e-01
1.146928870231132963e-01
9.614633137509998040e-02
6.347080491787010503e-02
4.292981717836036326e-02
6.447491842708005794e-02
1.046065785783502067e-01
1.005543477017703663e-01
1.111978259889618015e-01
1.567130974802964927e-01
1.346176488275799277e-01
1.894737387771329440e-01
9.376544265900065012e-02
1.303265450903554612e-01
1.636957471595615610e-01
2.152679765821388369e-01
1.454632724192718440e-01
6.807934442859919777e-02
1.384376844040476895e-01
6.448324450056530655e-02
1.531192540775808131e-01
8.658236070220352854e-02
1.365374585388388629e-01
5.106532728435370788e-02
7.017937660647216580e-02
1.370971847942510646e-01
8.942833408410820473e-02
1.384911472776437225e-01
1.338551313338368631e-01
4.569878947676570685e-02
7.117037831102362988e-02
7.614772161002734963e-02
4.814225784525949514e-02
1.255157767776504119e-01
2.113875271709251755e-02
1.978555831424445854e-02
1.233605550677629864e-01
1.243732640883769697e-01
8.049575218353259565e-02
7.525869917044522572e-02
9.391481100819271122e-02
9.107859853351119028e-02
1.324220455606091584e-01
6.551383185757393701e-02
7.204844971091042827e-02
1.673692278461391958e-01
1.096700064265925534e-01
2.324678717351589818e-01
1.551669563841428512e-01
1.274143009105260516e-01
1.047239159158114552e-01
2.122018903407059398e-01
9.711793626334402907e-02
1.984674211054901216e-01
1.329015699044850674e-01
1.665281889999481180e-01
1.327205926716917561e-01
1.227804460711903606e-01
1.225263135105260498e-01
7.369143937056635285e-02
5.044204616126322926e-02
1.751490797976638925e-01
5.118881212080561571e-02
8.825849570443433656e-02
1.165221049394265240e-01
2.141843309618856883e-01
1.135429898956161893e-01
1.847509919982295579e-01
5.875933952222633233e-02
1.052747826832714506e-01
9.094820754303385713e-02
1.319676609800762568e-01
1.419203880741682355e-01
5.269622619037177269e-02
1.134345880092678949e-01
1.193022899555148397e-01
1.469306379840050192e-01
2.932419254031097197e-02
7.502467832488562971e-02
8.276540673724797070e-02
1.008714829280487058e-01
7.686625253220359666e-02
5.506508730495458109e-02
9.174526569658600361e-02
1.425403335086799228e-01
1.374755764733670560e-01
1.171302714452993748e-01
1.301186719955680360e-01
8.619363753662287464e-02
1.229182447627307356e-01
4.569150270890519339e-02
1.089579659553263496e-01
3.535915450654986136e-02
1.581847857440762117e-01
1.083534528625719195e-01
3.209508145630408926e-02
2.152063853228020351e-01
1.191368987897275938e-01
1.911509608701617569e-01
7.050214912861238470e-02
1.374903240291655282e-01
3.757774399273509230e-02
8.499297219380240465e-02
6.740217389960490024e-02
3.741737878291893221e-02
1.600809079522090006e-01
1.075628733460418096e-01
1.633779193687294462e-01
6.102580626094702282e-02
9.741303903573877987e-02
6.998442410637785438e-02
9.604924300746858767e-02
1.093429027696277978e-01
1.802559580214383173e-01
2.258880256670676295e-02
1.468492540046678896e-01
6.204536803624288721e-02
