7.747166522394742516e-02
9.968668019828451354e-02
7.942536848081346856e-02
1.244585803908619392e-01
8.439752681565433623e-02
1.017098676981144367e-01
1.138777642476196256e-01
6.059255177430361572e-02
1.248888060892909546e-01
1.576079837840705378e-01
2.434857397956362995e-02
1.122608804602091420e-01
1.115369728652964021e-01
1.661617228033146487e-01
6.429304454588062601e-02
6.732049124349874514e-02
1.080721855651030211e-01
9.920176288072897475e-02
1.409955758736330111e-01
7.393119042626214443e-02
9.474443262424607493e-02
1.143423958042923266e-01
1.426929324486574113e-01
1.224834823787327304e-01
1.071221060547769277e-01
1.060631197347422366e-01
5.620922112579897212e-02
4.272493849266075644e-02
1.191377899136285001e-01
2.103713385983703166e-01
1.284307688932863345e-01
1.042808341692337826e-01
1.016970733827958356e-01
4.623174596348703785e-02
3.891967509550764426e-02
2.648447084127273504e-02
1.168134697320192400e-01
1.375194777524388068e-01
1.105368207202719749e-01
1.140535428061353884e-01
1.685906905277249346e-01
6.819434523714801299e-02
1.118489737338944773e-01
1.343530534958110867e-01
7.485116497631706667e-02
5.167507382418490974e-02
6.070666230419902859e-02
7.954614858961951696e-02
1.083308592643552060e-01
1.563112831682178794e-01
2.244128140769443003e-01
1.104218264927523119e-01
1.819634779696196469e-01
5.282781632967260138e-02
4.536132013063357699e-02
3.053956517678618407e-02
1.770377931009640693e-01
7.118330692692080575e-02
3.729767733921405398e-02
1.044813215944766366e-01
1.188121039917598293e-01
1.333243783485299760e-01
6.355685704405519831e-02
9.215311595584707582e-02
5.273514538032087612e-02
2.332573061250570526e-02
1.253460914618201860e-01
6.257208356382698566e-02
9.873867153540356878e-02
3.774328179917507686e-02
1.378053207306910444e-01
2.031475964486229857e-01
2.829694388912926128e-02
1.385797001890375080e-01
1.267208526881514474e-01
2.120065445724940156e-01
2.135100931230852206e-01
1.127928803404688041e-01
1.777105811879927666e-01
9.789156483771409289e-02
1.585259437919334449e-02
1.691709781308101124e-01
9.017991180345355517e-02
1.404593259738147193e-01
1.126031590536777510e-01
9.473998627023910712e-02
8.693509898077027287e-02
3.682322652730785767e-02
4.028273219824246576e-02
9.182855732261563375e-02
1.215847352130828007e-01
8.684085129987682838e-02
1.791267087323445972e-01
1.075249413518254704e-01
1.884398087365520835e-01
1.054167762365729871e-01
1.121926160275011769e-01
1.601896966298216041e-01
2.043086120392210159e-01
1.626224650187176879e-01
8.040802297975022106e-02
1.551670360426846973e-01
4.264151722926973892e-02
1.675338269961207938e-01
8.123485734838108152e-02
1.111461814929185637e-01
3.092842315750372537e-02
6.490339069197934019e-02
1.600638487416654321e-01
6.271715716876939684e-02
1.605774227242182939e-01
1.472935326187841953e-01
5.454911304872089167e-02
6.525876857588555624e-02
5.083180168865348431e-02
3.882725462400488103e-02
1.394662462364469058e-01
4.002481887522352233e-02
2.473021669616588120e-02
1.116565307808331103e-01
1.457788927955175340e-01
7.630861266091965023e-02
9.650871854833076302e-02
9.464222390155233033e-02
8.782017720005157180e-02
1.049700183779137957e-01
4.020500197733471726e-02
7.007669245461962959e-02
1.703734622806497012e-01
1.290052421939930916e-01
2.205081996332077521e-01
1.714194897359808678e-01
1.001598034807187204e-01
9.642510754117877836e-02
2.097827145502593749e-01
6.896203801489927954e-02
1.869634242839587623e-01
1.403097979303347675e-01
1.540737730999494071e-01
1.540127878279755891e-01
1.072602808870246477e-01
1.452158786182726202e-01
7.420852244481473958e-02
2.344224384677348616e-02
1.950939262183001843e-01
5.604874231521499856e-02
1.064920510156025096e-01
1.001650372496004082e-01
2.045092198201112765e-01
1.162527659841295635e-01
1.719972742799803500e-01
3.856884813040638987e-02
1.190101016924075272e-01
1.040466118489502267e-01
1.209913800018857372e-01
1.259342794926588127e-01
5.712926366506203973e-02
1.284344826862118538e-01
1.350211529226561236e-01
1.340501558651842340e-01
1.149120072311800474e-02
1.015746158693091872e-01
6.598808863710355077e-02
1.216285479973122641e-01
5.021072673611852444e-02
3.995588827338233950e-02
8.302860466343001122e-02
1.209064357324334538e-01
1.246782800036510819e-01
1.172375422084373092e-01
1.128676503635039907e-01
1.014373550292394510e-01
1.090282478778989705e-01
7.388031611596937442e-02
1.121505145581116747e-01
1.739110538991576332e-02
1.410953448050721037e-01
1.067790527089553798e-01
5.042239845734289294e-02
2.067608702100391382e-01
1.202829395128516832e-01
1.748331301355827150e-01
7.759147760121563875e-02
1.629083687382398282e-01
1.433363709711190856e-02
8.938368605607766026e-02
8.473565076196602763e-02
2.454422447601760718e-02
1.756575384247980876e-01
8.459775801897817527e-02
1.608701095176238993e-01
7.844740824304233251e-02
1.220185086415441628e-01
5.636433819428528225e-02
7.317671104300503548e-02
1.269050487077986178e-01
1.728139786032577840e-01
3.253104164693378791e-02
1.713707382480916253e-01
8.196901849277464513e-02
