8.447180870541898257e-02
9.506024333591937825e-02
8.630828593247963365e-02
1.364251455137846514e-01
1.039439833793218693e-01
1.177969234298256729e-01
1.331933695409825980e-01
7.906999332671690861e-02
1.442811728119307024e-01
1.543748792103433742e-01
3.626899834423373548e-02
1.238280971953719251e-01
1.237699247249884893e-01
1.663654662454063793e-01
7.259087231749933311e-02
8.219563236164351139e-02
1.137596081516357022e-01
1.145630151887409437e-01
1.602409299360475770e-01
7.667704157866532533e-02
7.768813560822887543e-02
9.761547997729042025e-02
1.605159959345031917e-01
1.152517235258465056e-01
9.280558325400616038e-02
1.016062618967556591e-01
7.584311405586754984e-02
3.445038732049985480e-02
1.107061354181111124e-01
2.284711301884693180e-01
1.464536067717951695e-01
1.225076457699684207e-01
8.691274821096997560e-02
5.490601612696587031e-02
5.609344259481729988e-02
2.202971681232837944e-02
1.356588147070251493e-01
1.510294804196144203e-01
1.185538264726307273e-01
1.042995687726547133e-01
1.866200961446498607e-01
8.510514703799454406e-02
1.240082660405689985e-01
1.530541704474578657e-01
6.548778480285097348e-02
3.949706113394310658e-02
7.685497515402257840e-02
9.626249265596552307e-02
1.277835119144408171e-01
1.596136782571977719e-01
2.247454729232871151e-01
1.176111790005933411e-01
1.899685439405773002e-01
5.526508385172979043e-02
6.471812056464638918e-02
3.141797838190143327e-02
1.921502676659090914e-01
8.782877155557881899e-02
3.575546108258263744e-02
9.764005589370725047e-02
1.372497183864058723e-01
1.524491189504023625e-01
6.525856385963216266e-02
1.044786480659324474e-01
6.852205521440300762e-02
2.047063738360733326e-02
1.132805209467508817e-01
7.818346112918414526e-02
8.275030331753453761e-02
3.173611063411392597e-02
1.474738862781967141e-01
2.213110744923171558e-01
3.983875792612833616e-02
1.560395899439953049e-01
1.301974925821330897e-01
2.205825667387597833e-01
2.154108467506659352e-01
9.739884270673168642e-02
1.748923863632696751e-01
8.396346388594637389e-02
2.840429320571952534e-02
1.833259805951743815e-01
7.898359502788582232e-02
1.374305002554919164e-01
1.223744761639068562e-01
1.053898426039503733e-01
1.060844029967178970e-01
3.974511305599422867e-02
2.703580212351145221e-02
8.619948297785191837e-02
1.406991619546728300e-01
7.759474598358097330e-02
1.980050241602799299e-01
9.311269045903158847e-02
1.973859075757720405e-01
1.193690915204730640e-01
1.093240616492633654e-01
1.680470072944254545e-01
2.058885602221513789e-01
1.804188459622014795e-01
9.724517249819390752e-02
1.729134608136511375e-01
4.082017531033730467e-02
1.841325837737176618e-01
9.022533691860781802e-02
9.474999301132794316e-02
3.101378004535116154e-02
7.063670859127213486e-02
1.783427697631589370e-01
4.388622315565326309e-02
1.794419703146780953e-01
1.639026184520954721e-01
7.128823410065490696e-02
6.383219450811922213e-02
4.216862362177491164e-02
4.971137421114552729e-02
1.563724229778535868e-01
5.562099887089295980e-02
3.823493591481702536e-02
1.149464795640165321e-01
1.648536411772464627e-01
8.552997491623676174e-02
1.157834794397123029e-01
1.065657909197119113e-01
9.771803913853810419e-02
8.733849264349247132e-02
3.146491046622602178e-02
8.165958611906055931e-02
1.818469469476672318e-01
1.476430416067566476e-01
2.211635286078022511e-01
1.888623899802368555e-01
8.328394832284283233e-02
1.026269631532934629e-01
2.175047209091443279e-01
5.143194731793317848e-02
1.884145746885432793e-01
1.544522265957055385e-01
1.556568176934799985e-01
1.725202071178346397e-01
1.071044787187549613e-01
1.621351981304175183e-01
8.659125555806121421e-02
1.604098897832390361e-02
2.132230738890923405e-01
6.269263759230352118e-02
1.250458871308163800e-01
9.935694227878194562e-02
2.071105334474110382e-01
1.279305826763282306e-01
1.727572273688578464e-01
4.022662998742485008e-02
1.360556631480002165e-01
1.204573827226357446e-01
1.245482257873948839e-01
1.245260727814916091e-01
6.274637940852792473e-02
1.458280402020229183e-01
1.522195491776089094e-01
1.337978999287474102e-01
2.012234640239470365e-02
1.205791431867215685e-01
6.744746140278724822e-02
1.371196414254949036e-01
3.969148562869279778e-02
4.583359118455127695e-02
8.692282679791304978e-02
1.077208837373145184e-01
1.265315489899155044e-01
1.281082013878262760e-01
1.073253278808801170e-01
1.184287074208112689e-01
1.027897091464612112e-01
9.226496339809427127e-02
1.248158002801686289e-01
1.958711438441915198e-02
1.372596178457095029e-01
1.154100741577520350e-01
6.846885429032248394e-02
2.103705198040303204e-01
1.316408086876848516e-01
1.724885268052422926e-01
8.967133710232221000e-02
1.812184049948112885e-01
1.693376358105922949e-02
1.027528312889944284e-01
9.651747811901199847e-02
3.289234069200150379e-02
1.926218407618403849e-01
7.757006303737029596e-02
1.690452469464814866e-01
9.649954737443147690e-02
1.409520164493629213e-01
5.821384546791383979e-02
6.726713394396610646e-02
1.449328381280867717e-01
1.776908162605511654e-01
5.059507231489602380e-02
1.889337658823821708e-01
9.919747594914450628e-02
