8.226467875827873921e-02
1.106256443850115179e-01
8.471831536543700247e-02
1.220161360845104515e-01
7.028512084167157226e-02
8.495011863428662824e-02
9.665078644713784306e-02
4.967167691828022758e-02
1.109687036792246229e-01
1.697254721125823207e-01
1.955598023331405963e-02
1.119746932229048475e-01
1.086368440261688412e-01
1.757535573195585510e-01
6.398142641686443977e-02
5.367447518720121907e-02
1.134766618511123398e-01
9.418598938751956973e-02
1.271895871640691955e-01
8.352283992018984249e-02
1.108282826880421790e-01
1.323189984357225346e-01
1.275166051085568075e-01
1.336150129015808985e-01
1.217546215513743840e-01
1.159858859555929211e-01
4.018416924287916692e-02
5.946471710322495663e-02
1.315290326167491419e-01
1.966913007522474444e-01
1.116534754962835163e-01
8.948581247111349335e-02
1.190701100694238623e-01
3.815473637234437915e-02
2.136046537880969751e-02
4.105507772694495100e-02
1.047385130556540561e-01
1.343773099267463467e-01
1.141210830718587810e-01
1.259199549637617377e-01
1.528746878030171619e-01
5.021976524754424159e-02
9.924701726152056203e-02
1.219841931449595490e-01
9.012218589020926096e-02
6.869053766740054745e-02
4.320763055045324236e-02
6.157794126598598039e-02
9.210168033970762835e-02
1.632917360071919344e-01
2.328944057772437126e-01
1.042021871783306020e-01
1.844686395330947526e-01
5.958330396449399574e-02
3.347940230353900481e-02
4.498076830140562699e-02
1.710472799624683238e-01
5.721152637224692639e-02
5.205465748748292626e-02
1.193617901017968025e-01
1.071903718335150413e-01
1.163124733537569261e-01
7.425042244967926253e-02
9.148880537662630597e-02
3.597124799258821087e-02
4.024242487786880429e-02
1.422465510092313090e-01
5.627679055821364906e-02
1.139287392056068382e-01
5.155604739615033544e-02
1.392309958473203491e-01
1.910968403161004414e-01
2.042087932090455235e-02
1.289556751592138006e-01
1.324322331278684206e-01
2.134429831099839137e-01
2.208511821439088363e-01
1.296061536840334705e-01
1.891122406403762946e-01
1.153635017914215605e-01
1.639677444012066498e-02
1.646176213144669720e-01
1.071800503372504210e-01
1.525540466718070809e-01
1.144492485308509361e-01
9.594975586756865349e-02
7.212170360184053108e-02
3.758985531980878203e-02
5.501193924183254286e-02
9.893225798747258548e-02
1.086444737296996532e-01
1.027577624519233623e-01
1.652787010090819853e-01
1.250850342334883514e-01
1.899021080883970536e-01
9.777093570552854163e-02
1.242497763487193513e-01
1.631692252966981116e-01
2.120473570332245261e-01
1.522842186622404836e-01
7.255626852648819347e-02
1.451042424393011454e-01
5.668190180948919771e-02
1.589400668493256563e-01
8.485613729707251751e-02
1.270559200135649991e-01
4.304247445947186751e-02
6.731382599399815536e-02
1.456459634756811783e-01
7.933768296244052276e-02
1.469257579292471694e-01
1.393285846092054969e-01
4.827757948974095714e-02
6.693213396558732320e-02
6.724931545615166206e-02
4.409856589549061151e-02
1.311536940372566018e-01
2.543389424379848690e-02
1.578509234476502265e-02
1.196957958112605108e-01
1.326329700306601023e-01
7.893002678061862565e-02
8.330398518439312283e-02
9.451177140064415116e-02
9.015797160547049660e-02
1.223996114854539324e-01
5.640146654807436100e-02
7.134142793450645725e-02
1.691917835896936950e-01
1.171625286754900130e-01
2.289086952195788782e-01
1.616919911761336981e-01
1.175140872356300187e-01
1.021037524289880594e-01
2.121460161816768608e-01
8.695184583341288020e-02
1.950320346623670986e-01
1.361978332261083446e-01
1.627463075348221377e-01
1.408263216140709373e-01
1.176387325049881583e-01
1.306481582171107603e-01
7.383635546781917858e-02
4.072210370873172169e-02
1.828864479517724739e-01
5.035772536160362800e-02
9.528209778982953126e-02
1.110160246504644510e-01
2.114443430533339552e-01
1.148710107583971879e-01
1.808443297040759901e-01
5.145949934099788847e-02
1.107399793094531321e-01
9.591251179093716883e-02
1.286133631901389685e-01
1.366412451682617046e-01
5.161628207024102077e-02
1.194067485611190055e-01
1.254512766889211983e-01
1.425656345413379711e-01
1.958601879797439854e-02
8.473495830484051305e-02
7.697661111013685831e-02
1.079920606747709760e-01
6.755060269550819396e-02
4.919018831287940569e-02
8.833025459791314649e-02
1.342465926456838932e-01
1.334387177847659312e-01
1.177019794778765699e-01
1.237837259602862505e-01
9.187563409333417142e-02
1.171304835055873989e-01
5.577708900738604508e-02
1.105934911045927116e-01
2.616720326694859516e-02
1.523639542664734225e-01
1.078824715183443472e-01
3.784722311221226654e-02
2.129459849846523367e-01
1.200796179567859140e-01
1.859292215823450944e-01
7.231686849342693069e-02
1.467707871797980512e-01
2.796968726236389105e-02
8.668878402359177227e-02
7.222121658551459988e-02
3.064645842638331549e-02
1.663247417169216313e-01
9.970189509287735730e-02
1.631402592989246725e-01
6.730834550479460054e-02
1.065221470050978503e-01
6.448447789444931855e-02
8.820377322341536874e-02
1.161619239283726568e-01
1.783109453111342002e-01
2.383756260898382481e-02
1.557108204828057119e-01
6.895557492914790310e-02
