5.991503353945500099e-03
1.312809815407238456e-02
nan
7.652526551125289275e-03
8.385968490279147730e-03
5.094881197513317223e-03
1.230225775105414643e-02
4.773321127258816840e-03
1.391541052073555149e-02
2.302791424938016585e-02
1.340291622814360900e-02
1.201911678156249511e-02
9.776901431825468780e-03
1.430704052093821101e-02
6.800667363530768679e-03
4.295439147214562443e-03
3.318692263036498221e-03
nan
1.243198330747922152e-02
1.334503369689204848e-02
1.999611640560661208e-02
3.651151222461905543e-02
1.073816371170013308e-02
5.009671679410939577e-02
3.666223635550323878e-02
1.926744829917007018e-02
5.597491211493918310e-03
1.086577434852789917e-02
3.915442639013299447e-02
2.530202128989093857e-02
1.050970603788114500e-02
6.962020848212135266e-03
1.378651554650116122e-02
7.888910580461462596e-03
8.133895300255114535e-03
1.051635548365562230e-02
1.205612618945478727e-02
8.036386185891111061e-03
9.981074020159529797e-03
nan
4.891830831720117914e-03
1.657535085508922770e-02
1.175889080831042308e-02
5.894409570129383567e-03
7.510222209812991191e-03
6.663359531354002240e-03
8.547734175872692686e-03
1.635862328197029703e-02
1.491159464988636935e-03
8.023418853707593376e-03
nan
8.898637948060200697e-03
1.053189373150062273e-02
5.638867431826679114e-03
8.036924884142777198e-03
9.321039051372563902e-03
1.973806820041991428e-02
9.752740765936841055e-03
1.231982686432110848e-02
3.066148805589147958e-02
5.455681214251914372e-03
1.162020109127429555e-02
1.460193909957473862e-02
1.299310066192453823e-02
5.740487786942069515e-03
5.908748898918952421e-03
3.760938398717281889e-02
4.852132773107506285e-03
2.386152111691620947e-02
7.379465449264450277e-03
6.511251874319951526e-03
nan
1.460282803560026925e-03
5.414983701219100096e-03
1.628931823577364074e-02
nan
nan
3.200612082234973593e-02
2.667170158504659355e-02
1.098459441838525036e-02
1.159231324287475842e-02
nan
2.088205145623302575e-02
7.376684056472289190e-03
6.332619574566016561e-03
5.824671867589472501e-03
9.059180171704470097e-03
4.245053718274357027e-03
1.648816582765623776e-02
2.730182619019547868e-02
1.867727767947676559e-02
1.095921424591576356e-02
1.021390057862560201e-02
3.232401558516033446e-02
1.475024711669830658e-02
1.185519052693818215e-02
2.069225178907008189e-02
4.562874607664645782e-03
1.450456180979415623e-02
7.470914515076196478e-03
5.762254929260455551e-03
1.013062046688389950e-02
9.517376370656855170e-03
1.259925377605191146e-02
8.737315089682073238e-03
3.638839366439263617e-02
1.369601534592964839e-02
9.092704414390764822e-03
6.726656348606337502e-03
2.215663612886635547e-02
nan
7.337767114195352207e-03
7.549745326486509769e-03
8.710484294596223392e-03
4.099168950502561463e-03
8.358631985267178655e-03
1.067117106903220196e-02
1.058337523759213597e-02
1.308672103150320364e-02
7.601117974039038779e-03
9.906960049264338514e-03
1.084089793344694512e-03
3.003546945420017614e-03
1.123022871147371163e-02
9.248077283249509298e-03
3.476892178358497593e-02
1.161951921153206446e-02
1.127727592886441747e-02
7.617576104006995759e-03
4.615163329475032578e-03
nan
nan
3.236076752439727422e-02
7.771399761849887879e-03
nan
1.996141982162732975e-02
1.640744601521354831e-02
8.123242580073535349e-03
nan
6.506832065258451141e-03
1.130258088901992149e-02
8.026630522872939266e-03
3.501307871062872817e-03
7.315152197098241486e-03
4.791402829347323616e-03
6.922275224633082404e-03
2.365618223557425237e-02
1.210812145969280759e-02
8.118743615863127303e-03
6.375434964897101590e-03
1.765519714194296527e-02
1.955441120373616060e-02
5.555629940102118844e-03
6.867516826072882566e-03
1.676735869718613478e-02
9.410030899861308515e-03
7.726808325326155712e-03
7.734537508474971859e-03
5.673499272198163565e-03
1.788183286365717384e-02
6.418312220610551330e-03
4.549606484988881830e-03
7.514596955417969688e-03
5.440536496834489505e-03
8.960560763654118466e-03
1.294651791371084423e-02
1.261377881865550880e-02
5.138018445252468674e-02
5.329640045826847597e-03
1.236945618083888816e-02
2.850313438706073704e-02
3.814416177187719519e-03
nan
9.118689583226811599e-03
1.542547787905657226e-02
nan
7.857254971627173831e-03
8.397424402917842007e-03
6.358498648542048812e-03
8.480182000159734376e-03
9.592975264417023112e-03
nan
5.561460122124825718e-03
8.715222449845008365e-03
1.316422016721386160e-02
2.613801296285196696e-03
7.586677534058383458e-03
7.220609158156337214e-03
3.574640052023089418e-03
1.072952004480577301e-02
7.001820402348453778e-03
4.946154136612822098e-03
9.865103584232553027e-03
6.517016247873405436e-03
1.711916429717473542e-02
5.452895942409231519e-03
6.611591058099647485e-03
nan
1.456983371396889000e-02
1.101669234979274666e-02
