1.766756544164862011e-02
5.128382020513747724e-02
3.197820474260881785e-02
1.753850432017450486e-02
1.185047943663839788e-02
1.432652376846063613e-02
2.455552127949644711e-02
1.923972840555331206e-03
1.510878284436013158e-02
6.145330769598681547e-02
1.855684234006823100e-02
1.508669555908935707e-02
2.637801204039205358e-02
4.195094217941335024e-02
1.073475586158313677e-02
8.581491007227420170e-03
3.282871976852512474e-02
1.427396443537994226e-02
2.105228812940614438e-02
3.585256001236666185e-02
8.848033809412435280e-02
1.070624468492522297e-01
1.041476157735691209e-02
8.178777117860243362e-02
9.975077223535118442e-02
5.985186131096063150e-02
2.573375320885227385e-02
3.814455519116512205e-02
8.105307648307392976e-02
5.412296262231663241e-02
1.712229637715483727e-02
1.347983138494134557e-02
8.398614354539268856e-02
2.504746152650693530e-02
2.129531224739054929e-02
1.757371735681940994e-02
2.941537843099118962e-02
2.092433736909470390e-02
2.218600639139712768e-02
8.928836585328331354e-02
3.714345669154702628e-02
2.131501658188842893e-02
4.921944956478572358e-02
1.599493883217582152e-02
4.681527121952663156e-02
4.809011102721261893e-02
1.038279923602639099e-02
2.119969380660223154e-02
1.563819934967379879e-02
nan
nan
nan
2.782182489963243299e-02
2.016310262285315319e-02
1.181962479773361434e-02
2.796529693749902692e-02
2.425653926310054886e-02
1.177111300665086881e-02
3.286906002469117821e-02
6.349360990644778435e-02
2.078629742691796498e-02
2.743296631501573879e-02
6.009640978553291990e-02
1.542588799675479426e-02
1.193691024971660700e-02
2.092232490773118098e-02
9.897075610549313507e-02
9.906838266628218911e-03
9.357088124291335074e-02
3.890257714618625129e-02
2.794713211324587054e-02
4.848973391369390540e-02
2.022924320984195723e-02
2.345750091278488159e-02
3.873348248619551404e-02
4.611272008305419140e-02
8.488650289567375995e-02
9.566321267500077496e-02
8.337492749280754623e-02
7.891791877765445828e-02
1.950369888509467797e-02
1.535743236700094078e-02
7.270049631739167184e-02
6.652985148117775138e-02
4.374943736334382417e-03
1.755302032215274796e-02
1.373474403357653230e-02
3.650712865444614985e-02
3.690337695527918377e-02
5.537286671321661746e-02
3.241054257370840075e-02
5.755204272289773243e-02
3.469691571958263138e-02
8.846562757242827646e-02
2.382997513942361478e-02
3.108735350061109584e-02
5.544945034793501148e-02
2.608709347583346161e-02
7.868741098080891949e-02
2.432851723312682082e-02
9.189012139764937345e-03
2.510022552719955516e-02
3.548262638441926353e-02
7.805934858247973174e-03
2.878112767946903322e-02
1.055688131365136312e-01
1.683980234659625611e-02
1.343838722836973067e-02
1.523872282071441972e-02
5.424495870889751298e-02
2.255745761004961450e-02
2.282098433897482986e-02
1.705810298279928153e-02
4.282502487752092024e-02
4.442210972803625063e-02
2.837490976592909817e-02
1.959982476026761455e-02
1.620190244538985413e-02
1.725341653044405038e-02
1.335707188804173898e-02
1.435580817838276110e-02
1.698755323824530095e-02
1.671548499645910194e-02
1.202782763276217040e-02
2.316227803129522825e-02
9.755848178826648232e-02
3.405818472662335006e-02
2.971637181403538955e-02
2.159163213728719152e-02
2.202504496279789753e-02
9.670195062250354356e-02
2.389843667360412593e-02
9.336372092687197921e-02
2.800449871878007285e-02
4.999093610740108773e-02
6.094960879415430022e-02
6.626881663303700598e-02
1.551210417232937872e-02
2.953754037563306040e-02
1.383335148291349459e-02
4.499184902594228347e-02
2.590503649701604919e-02
1.858553780175473819e-02
1.629941924208662060e-02
4.100534729390056116e-02
3.608436672128564893e-02
3.073211757267118108e-02
4.132211290732807490e-02
7.218184483791373340e-02
1.841009011562601272e-02
6.244869970056959874e-02
3.330911296809577204e-02
3.695629313402914486e-03
1.235295596902011815e-02
1.939506800851865595e-02
5.589851260897014951e-02
3.652889622052108570e-02
1.644636267351591574e-02
1.256423709931634054e-02
5.217584445765707096e-02
1.315137257742838607e-02
1.112332130612662083e-02
3.222521989567680295e-02
2.547449621504659784e-02
4.616805796512476329e-02
1.652871018537555026e-02
1.474130386824867682e-02
1.077265179974682408e-01
3.527586072028863345e-02
1.071062890934239634e-02
6.413867764680503125e-02
1.578177712657461568e-02
7.932007133454914427e-02
2.102466951489631586e-02
1.639357435013748254e-02
1.649685680490432099e-02
7.056936255241709477e-02
2.933552132376715180e-02
2.260620529777679355e-02
6.644283808730799823e-02
1.361889379453158633e-02
7.837653167477956484e-02
2.005345289760207192e-02
3.117365630488656836e-02
1.658510276557062860e-02
8.021444848942009542e-03
2.505562037860793734e-02
1.863947787714305415e-02
1.042299402459558044e-02
7.829470274095555460e-02
9.917544828818508976e-03
7.647978290351575836e-03
1.852131850259692430e-02
2.064904056716115877e-02
4.893707416802851873e-02
2.224247144375384247e-02
3.374991496045798983e-02
1.050913220358876479e-02
4.171566369328652546e-02
1.080232133877103741e-02
