1.600412177158806043e-02
1.814017460827305542e-02
2.513094980407805379e-02
8.273411693205967934e-03
1.107607334113003272e-02
nan
1.283188929568320966e-02
1.213415350014432174e-02
1.074516777662838131e-02
nan
1.043267487479792796e-02
1.649900916652285651e-02
8.512263928752369230e-03
2.959887229870155484e-02
1.482257825109697773e-02
5.934246516552176692e-03
2.826948252653427827e-03
6.218786528332111152e-03
1.280765840279702444e-02
1.103976174342605719e-02
5.143527287359135614e-02
nan
1.270231875090114225e-02
4.643774027478168170e-02
nan
2.547135219244768892e-02
nan
5.868567471722569741e-03
4.518421538492452955e-02
nan
8.941606602567809398e-03
6.467136716360105848e-03
nan
6.343915773884191422e-03
9.604318465662202084e-03
9.732862867643741686e-03
9.491335852233868595e-03
9.860037471617856195e-03
4.507310514609755465e-03
nan
9.759030779654518165e-03
2.042736748903023133e-02
1.813150802906784986e-02
7.155780424428948190e-03
nan
nan
8.963190115441020678e-03
2.193691073894661961e-02
3.900834056070685146e-03
3.407037589335609306e-03
2.456031258613786128e-02
1.529509764517461047e-02
1.113190944395563674e-02
8.078521542093727512e-03
1.056831684761964756e-02
8.851974963228851148e-03
nan
1.511507617154113662e-03
1.190583421122938350e-02
2.314377449817026436e-02
3.127679186234366866e-03
1.417800198449297236e-02
1.931700812098043757e-02
8.562197212311431146e-03
3.275507597074738594e-03
nan
4.257858574006100072e-02
1.346316786955448555e-02
nan
nan
3.438311787540031771e-03
2.032127674644823578e-02
4.948347273876266793e-03
4.288841006810879819e-03
1.864079164469451683e-02
1.791312833378273101e-02
1.461580119547167475e-02
nan
2.974071697909753606e-02
nan
1.588276163362715640e-02
nan
3.014169899696315241e-02
8.169125872416001591e-03
5.234240088572087411e-03
3.862732045893575630e-03
2.476522616435271416e-03
7.442173046558631794e-03
2.472487654056898868e-02
2.510224429856387426e-02
2.273895890789422863e-02
1.355237316439813523e-02
1.546034509500797752e-02
3.296984926889904438e-02
nan
8.057555557107371619e-03
2.159340011214537502e-02
1.521307167451656402e-02
2.922829013952178007e-02
1.188681513305200887e-02
6.334691494131921077e-03
1.601613381773399000e-02
1.484379674920727026e-02
1.083467017930436066e-02
1.722406992227771064e-02
nan
1.140240008612936583e-02
1.266419340564735492e-02
3.403157691410611894e-03
nan
1.076926756972522263e-02
9.550070462636232188e-03
9.557840122353715440e-03
1.480071575623595828e-02
4.535220693277049013e-03
6.320938817310612322e-03
1.006861230570888291e-02
5.789970311425338828e-03
7.284114352366729064e-03
1.818817088052041356e-02
1.323038173426071933e-02
6.085019563159337411e-03
7.453398826088528280e-03
9.357854246496211115e-03
1.635816443427626568e-02
nan
1.177957609524028781e-02
8.937740538760827191e-03
5.817649434722093650e-03
1.918482684159935085e-03
1.975136663339563045e-02
1.563935535898910642e-02
nan
8.627267949465004110e-03
nan
1.465113927045790139e-02
9.792971020618740363e-03
9.908106998968517140e-03
nan
4.684001408167625703e-03
2.813931841468021375e-02
1.549118571804439064e-02
9.494109825238282799e-03
7.170902949483100482e-03
5.379409012084307440e-03
5.869600871049069669e-03
1.392621825211387207e-02
7.276193548997764160e-03
7.841915942884816748e-03
5.686896121438185341e-03
7.314340976230702951e-03
1.715994692276283026e-02
5.440105470231218314e-03
7.110008472725747562e-03
1.781558368097578907e-02
9.316467951272670162e-03
1.239930167212422926e-02
7.841936658689643500e-03
3.657347562913023514e-03
nan
1.162482176483748374e-02
1.120094251795245369e-02
7.650055376387250583e-03
1.696671951487795094e-02
1.342805990641002256e-02
1.580593986383974428e-02
1.514540445961673823e-02
nan
6.221054216171909533e-03
8.712110774585569636e-03
3.183664479039391426e-02
8.926658230148373091e-03
nan
7.310577226957134904e-03
3.575213537467691709e-03
1.979932461830316223e-02
nan
1.251558057290014063e-02
1.080695332151172111e-02
1.665395599225793014e-02
8.391462802359962031e-03
2.760513940786809770e-02
4.454503025441463454e-03
3.207351663150382910e-03
1.624135579962127790e-02
2.685737714334902968e-03
4.947844656649534947e-03
nan
1.095008648143185742e-02
2.697995373091582189e-02
8.132786311853011652e-03
1.202410723301224581e-02
9.473910831716539707e-03
1.499829901853462835e-02
1.701178211039295826e-02
7.138685948020174164e-03
3.571125103659031959e-03
1.004556711655287850e-02
1.165219855392460487e-02
1.060005991961504579e-02
