5.274089387883220369e-03
1.705555916697113969e-02
3.165361326892918853e-02
8.294940028809528326e-03
1.209607286628336387e-02
1.293653349229712500e-02
9.565385421644343605e-03
1.129939375641516447e-02
1.117558548767195667e-02
nan
1.046091765084752011e-02
1.650679300247270484e-02
8.516525918884671961e-03
2.953846608331725868e-02
6.755537111630095619e-03
3.572268829366396278e-03
1.386595906864644852e-02
6.110744484181245863e-03
5.131753472870103500e-03
2.050768980219046939e-02
4.956901393071714429e-02
4.859826574054675746e-02
1.857372512170517992e-02
4.579796005724399294e-02
6.550405391775743214e-02
2.493914258205885345e-02
6.906548577885618032e-03
1.058103676231262127e-02
4.467458478722396292e-02
nan
8.815198511962050662e-03
7.286175034107140493e-03
3.224535067110283204e-02
1.325977585066556545e-02
6.504477149392317789e-03
7.919412050100195499e-03
9.778117205581126140e-03
1.643566000338639657e-02
4.958682666852957249e-03
nan
9.759030779654518165e-03
2.428870743947591365e-02
1.814477270197083908e-02
nan
nan
2.118097199150753215e-02
8.976182952763516604e-03
2.221451854255220709e-02
6.323892593548622806e-03
4.566965767665654222e-03
3.665862418121320493e-02
1.521281574389553824e-02
1.040868679480995602e-02
8.184659928827555178e-03
9.604399741347016337e-03
7.275486480889717215e-03
1.380367033948877269e-02
1.170492736663772577e-02
1.193395882622033666e-02
2.613131713818827098e-02
1.084518987924764852e-02
9.376652813990520030e-03
1.142007211361777824e-02
1.895880639739608298e-02
3.270544664202766367e-03
nan
4.669891466259754043e-02
8.274754555148028726e-03
5.403295348336049908e-02
nan
2.630553232859012339e-03
1.973622070890893032e-02
2.066305998357981406e-03
4.316387713857471053e-03
3.013911384673750860e-02
nan
2.203493694703355030e-02
3.421211707924326495e-02
nan
2.349790873574396019e-02
1.653689773746667979e-02
1.749058732306571842e-02
2.829794869960162995e-02
9.942355127594549452e-03
4.426595249836890074e-03
8.720483689460418672e-03
3.428336912672290317e-03
7.456394807065815089e-03
1.480371430016914729e-02
2.737809369195932582e-02
2.223255923883720592e-02
1.345820607607032052e-02
1.767801562502874929e-02
3.296795565624197760e-02
9.550312527314920932e-03
7.721984451969193287e-03
1.851973397511573471e-02
1.350176972260302630e-02
nan
1.290737801555694696e-02
8.939386074898959117e-03
1.510207518270954841e-02
1.570602446717568601e-02
nan
1.476485841172340066e-02
6.487480893229582990e-02
1.410616110354389469e-02
1.572677087939481147e-02
1.344015116138687176e-02
2.719240306744627467e-02
1.061867321375143877e-02
8.560005572771711008e-03
6.657088541185203663e-03
1.318826133367050069e-02
1.289300526726652567e-02
5.971417688840481748e-03
1.366344925377861556e-02
3.956033465793290516e-03
2.678603344804080140e-03
2.000990556391418415e-02
1.749529427947286997e-02
8.431717388744031788e-03
1.597566826906661810e-02
1.530763262419785210e-03
1.500757424714739031e-02
5.302019039104783477e-02
2.428165490770850532e-02
1.581346381661387010e-02
5.806485569603571893e-03
4.200037620013727206e-03
nan
nan
4.523894284549070943e-02
nan
nan
1.943446452415433998e-02
8.587728152609254428e-03
1.148762216069165037e-02
2.154720240150048705e-02
1.049393224216684135e-02
9.381036148852587089e-03
1.286221952230629656e-02
nan
7.816884947009751505e-03
1.190663045556315108e-02
6.993121487538913467e-03
1.359669314657984893e-02
1.495383388312738343e-02
nan
1.129851468972195919e-02
1.857102570175043696e-02
1.570123804558193684e-02
5.479296806279128351e-03
1.004264145618066761e-02
2.574389569220034146e-02
1.051015066392043014e-02
2.191617608365954706e-02
9.243888807398233792e-03
nan
nan
5.609876955179712854e-03
1.064058337881605872e-02
1.769345119785290660e-02
1.704994141032574462e-02
8.272390125516046466e-03
4.234035523996421482e-03
1.524493298716689087e-02
nan
1.919545006604553294e-02
8.913328996513187816e-03
3.097924231691479707e-02
8.160195475957077865e-03
nan
1.026328483468894222e-02
7.565487906997535317e-03
2.089405246170267239e-02
nan
1.414964136509128632e-02
1.109242891813334853e-02
1.695377450694282237e-02
9.199765769197100485e-03
nan
1.891514044969034442e-02
2.965007203276248671e-03
1.664625717027374760e-02
3.150493031772317286e-03
7.338115622510249167e-03
nan
1.590073345918024614e-02
3.165045513996909976e-02
6.826631831707438702e-03
1.078089372907107754e-02
1.244675272536293655e-02
1.048927130514606954e-02
7.175470536710984448e-03
8.494675849235178849e-03
9.260453805630839905e-03
1.067170218107758341e-02
1.524164455227791128e-02
9.792919332318248196e-03
