7.500588259321648230e-03
5.104449583587021555e-02
3.498771434159717725e-02
1.161530485893670986e-02
1.513710932033723519e-02
1.457935732203586958e-02
1.446502763170818759e-02
7.669738495332825701e-03
1.521159501814891950e-02
5.057853078611610625e-02
1.316674381510265709e-02
1.396315809387317988e-02
1.351722808177780594e-02
nan
1.689608558642167677e-02
2.994378336638544094e-03
1.153267340383064277e-02
9.638375466117043641e-03
1.520204814010594520e-02
1.802271941592239329e-02
7.755690646327424720e-02
9.239888627777929908e-02
7.283454133056263026e-03
nan
7.870309945901868276e-02
5.820497520815388903e-02
1.387606066968506864e-02
3.002811299744170478e-02
7.993481851873707189e-02
nan
7.272295418992525372e-03
nan
7.340152424120467700e-02
2.379243100777642811e-02
1.058307935496355379e-02
1.132653092468973409e-02
1.586601645779039949e-02
2.065490472466775806e-02
1.996464070997618773e-02
nan
3.669682128993703718e-02
2.091414843221927472e-02
2.216185960120936257e-02
1.446115314637692710e-02
4.161214967700568867e-02
3.231188957743343082e-02
9.336190528870878802e-03
2.524827809607104595e-02
1.570572908244982635e-02
nan
6.297534151188004248e-02
2.349809127339871906e-02
1.784599671945191063e-02
1.448018412305980204e-02
8.568545242847454280e-03
2.106279770565595844e-02
1.853548115385486583e-02
1.394541024586956786e-02
nan
nan
1.542818973970523817e-02
1.684137250110541439e-02
4.032156789051381113e-02
nan
3.071449854938257309e-03
1.298861063073265300e-02
nan
1.560391736618435381e-02
7.795431910270832210e-02
2.169045228833796357e-02
1.639062809663540884e-02
4.441695017329293227e-02
1.783030116409743682e-02
1.358767971602955864e-02
2.635105014107478813e-02
2.037431716770093937e-02
4.646763066739043740e-02
8.170344828062699183e-02
5.859412649099998011e-02
nan
1.565639868762474032e-02
1.850341267369307735e-02
nan
nan
7.542524183558985823e-03
1.552253401600954888e-02
nan
1.460178344555527509e-02
2.569679735277481669e-02
4.878929911382190454e-02
3.145822281769743850e-02
nan
nan
nan
2.290637694703671901e-02
2.016143492055479797e-02
3.733231519299737289e-02
1.541167193839274724e-02
3.788785841206566279e-02
1.556007510182527177e-02
1.234944551357399813e-02
2.418021735927536331e-02
nan
1.066804429145411064e-02
2.299285673375776884e-02
8.880750634398705545e-02
1.792650353079750652e-02
1.577539514618621699e-02
1.367547844407076933e-02
5.208170915265531581e-02
1.981551844909268043e-02
1.882621840504053456e-02
1.874127445507672504e-02
4.199259588141012606e-02
nan
1.692254034560232087e-02
1.146230880813772952e-02
1.286385481550490588e-02
1.689109403240511217e-02
1.702291813652824504e-02
1.888601238300970098e-02
9.895436849744075961e-03
1.560283003265691693e-02
1.879728865680726710e-02
1.811375358876515448e-02
8.649598136982079855e-02
2.624088629650748669e-02
1.465512549329874535e-02
1.162682027612212642e-02
nan
5.360820118553184799e-02
nan
7.586300367086203089e-02
1.339828089093192051e-02
2.544671576157725434e-02
4.775700117169304204e-02
4.843883992032678443e-02
2.424113729685793001e-02
nan
1.255940048503490121e-02
2.546208793122911943e-02
9.787016975440328281e-03
1.476945999858550983e-02
1.060719022288049082e-02
3.656092261687087647e-02
2.626742434118500488e-02
3.186331389454516438e-02
2.445477062683562922e-02
3.325069690561693880e-02
2.024057100541887255e-02
nan
nan
2.598663656095255570e-02
1.222029731135146173e-02
2.629361652752535208e-02
3.672277763356032038e-02
2.971041578832728236e-02
2.082204780373972386e-02
2.121881371731865196e-02
4.665531445139728395e-02
2.059422119815841265e-02
9.342767605153467353e-03
3.570768705977827445e-02
1.996473220637303217e-02
3.279175983501102232e-02
8.013933687270368214e-03
2.146483661170235646e-02
8.791838970463732028e-02
2.687450342738917364e-02
1.057648617802289803e-02
6.485428475833616979e-02
9.750914860068493270e-03
6.055441619269416598e-02
6.833037850102294253e-03
1.609019215547475082e-02
2.275583643269760148e-02
6.053366093756219063e-02
2.751116643054507191e-02
1.465888568781697002e-02
6.308171752358102125e-02
4.999162907650967110e-03
5.364569479709498795e-02
1.851695610027716613e-02
3.107554553259115823e-02
1.914693375047296295e-02
5.967100436763560570e-03
2.167168813504720404e-02
1.424234907560484667e-02
1.699558880172358927e-02
6.249665987851952403e-02
1.033251534102533169e-02
1.668686841173487589e-02
1.397484395630689200e-02
1.429482276214816966e-02
nan
1.351491794249581532e-02
2.982200411828782663e-02
2.371614852909788643e-02
3.509405491773842645e-02
1.109379243277786205e-02
