3.743105502270271251e-02
6.179818399601071793e-02
4.822401525487559487e-02
2.862052042879622768e-02
3.080444175482504807e-02
2.517770522851769596e-02
1.629270083546702566e-02
1.903544990336999629e-02
2.272386382603704819e-02
1.047125308072107408e-01
4.330552241561631127e-02
2.198562644646294764e-02
2.705023853621183957e-02
7.778742536475231895e-02
4.331081980064774989e-02
2.661783126179097583e-02
4.312319371655212036e-02
1.696017510441536966e-02
nan
4.603050981038932232e-02
1.057191545730730570e-01
1.226270621818514317e-01
1.383233789339049710e-02
8.899791835803896878e-02
1.035095956907140513e-01
6.668555698530953535e-02
2.880414699763659409e-02
7.436542760759559667e-02
8.928406501549995822e-02
1.005476146935296855e-01
1.087754264536662172e-02
9.374510952296912294e-03
1.021417681092703367e-01
3.414297999862924565e-02
1.641893380275063347e-02
8.948459339231358556e-02
1.762127320339638287e-02
3.391377996759833979e-02
2.297011195154917071e-02
9.312729599847190121e-02
5.197376533843278690e-02
1.888297310939702003e-02
5.448450369094909318e-02
1.646585735604691111e-02
6.373190528794879517e-02
6.385888899543952502e-02
1.455814227917049883e-02
2.176747243180605917e-02
2.593130681069482149e-02
5.829101747404660111e-02
1.222199634386232775e-01
7.650571292567240334e-02
3.846916916932152652e-02
2.668745245434985675e-02
2.693752639450008521e-02
5.525031809027786123e-02
5.739130784417327547e-02
1.729448842463915392e-02
6.150243339419828037e-02
1.039745497569704580e-01
7.593358312465291193e-03
2.461087486609233460e-02
6.210870878505175829e-02
3.115798283851079972e-02
1.662515202569672668e-02
6.113800783637430430e-02
1.171795315785435360e-01
2.960174467080535152e-02
1.050017396768715000e-01
4.868632046016895670e-02
3.308296809533031041e-02
3.675383675961434171e-02
3.366622213496547888e-02
1.552638051685563056e-02
7.524162104025525211e-02
5.755262462600824191e-02
1.025198714442792092e-01
1.110425643443193888e-01
1.109330306152736950e-01
9.916543597803387233e-02
4.725410075665720938e-02
4.358451839078522627e-02
9.540226442922719596e-02
7.724746277868309308e-02
1.411557316710568971e-02
2.988876051799775613e-02
1.870759734697171120e-02
4.944897860484739893e-02
6.172295799453413057e-02
7.613248900231858740e-02
3.156070933677485729e-02
7.704205685135369353e-02
5.437913305760518068e-02
1.080493316083401961e-01
3.831181873937334476e-02
3.523308741185393611e-02
7.836733745001681073e-02
3.751495178126776353e-02
9.856466265960071860e-02
2.663153363162817228e-02
2.974682313467979719e-02
3.291583327212408566e-02
7.262660207014427771e-02
5.770152048222518260e-02
2.472445825947359663e-02
1.151489578160118793e-01
4.197611381348149984e-02
2.246234939057877716e-02
4.487370320075968755e-02
9.003379784613894932e-02
1.669794818418721474e-02
3.185140352310907724e-02
3.132889009921327461e-02
7.097742959899946968e-02
8.263525222434543738e-02
6.369657665898176280e-02
5.333017808438923757e-02
1.867314745168858689e-02
3.347961878514283535e-02
6.598444762930552598e-02
2.713952145066264587e-02
1.204808009432294276e-02
2.451346264400297917e-02
1.650036286168006863e-02
7.417322660292700355e-03
1.161223892455454793e-01
8.362334777240072736e-02
3.508199595805797794e-02
2.069343975202965133e-02
9.087969684111754654e-03
1.156003943502971615e-01
4.462087310084728725e-02
1.080917327707947573e-01
3.749856245265693194e-02
5.897365587681213661e-02
9.055614464416970877e-02
8.896411571370044236e-02
3.915530558015373197e-02
7.190306052887432409e-02
3.100146701039574806e-02
6.528796655860992504e-02
2.406868713088382641e-02
1.948944705433782246e-02
7.287193700238570049e-02
2.940232176874706116e-02
4.444157668727743982e-02
2.695071104083152785e-02
6.818489212723070902e-02
9.007191870345737650e-02
1.661972709930520722e-02
8.228813776428987870e-02
6.071771140865935001e-02
1.381292647349713354e-02
1.264849909453413974e-02
6.536589585092110466e-02
7.366536361853143200e-02
4.604535066066083038e-02
2.678838839782653886e-02
3.264581471361006904e-02
9.180584745222111764e-02
5.737752125501030531e-02
9.416393058188527246e-03
5.722577445424263665e-02
3.479545737262511318e-02
7.447778629229739877e-02
3.483349823867396694e-02
2.490058126708885253e-02
1.122556214765190741e-01
4.668791241162430217e-02
2.027466504391436941e-02
7.493552014238773207e-02
1.576966871913341312e-02
8.568718063869307233e-02
8.763289210126808809e-03
1.237226098232416596e-02
5.694604057867343194e-02
1.032026976451453221e-01
3.195925907905140112e-02
2.911095638829093099e-02
8.315034301220286528e-02
1.495823260058902308e-02
1.059619849216448667e-01
4.404535458870335179e-02
4.516135585996054053e-02
5.138971374847457058e-02
6.995029148201383287e-03
5.207411187014519133e-02
3.479994068475423391e-02
6.471650070631242146e-02
9.232846982103865008e-02
2.228844006896335550e-02
2.731618502361740988e-02
1.543426036158973384e-02
2.355850504831174738e-02
7.177440135983373382e-02
8.822990264045600661e-03
5.557747216235970483e-02
4.639440289002153689e-02
5.489653455844663993e-02
1.763069795908312962e-02
