7.095563331239415281e-03
4.391038101376241315e-02
3.625521964972797107e-02
1.138937824242840235e-02
1.551367917873788631e-02
1.604481949121875847e-02
1.032594777892451368e-02
1.348717214298340850e-02
1.108745520785944273e-02
2.341177877447206054e-02
1.018143941579330303e-02
nan
1.394953495917090891e-02
nan
nan
6.804404555820543245e-03
1.212383180911493982e-02
4.522475055290991162e-03
6.362653997085440487e-03
1.193012821500646047e-02
5.599403109972623388e-02
6.407986555602736278e-02
8.441889566923634070e-03
6.436762375266620595e-02
6.621919031244374865e-02
4.713267778967585725e-02
5.370525882329536815e-03
nan
6.344277939415335354e-02
3.249741291685963318e-02
7.770093307750248514e-03
1.193284056574759992e-02
5.551704675584053644e-02
2.269856173059352916e-02
9.896709882428500124e-03
7.952962707256087949e-03
1.951340468155834951e-02
2.268701274970332665e-02
6.041262697302454861e-03
6.013403426074932778e-02
1.373676591447824460e-02
2.089197536435660751e-02
1.635760671883270886e-02
1.447625547599087036e-02
nan
2.105553154879090741e-02
9.575470832411401081e-03
2.582334867748091109e-02
5.519073060328921754e-03
2.617258470678765839e-02
3.889884656993436440e-02
1.511477990303126615e-02
1.871187135463283149e-02
nan
1.864497148062727039e-02
1.289246631549417071e-02
2.706699171753818717e-02
1.359591492743153843e-02
nan
nan
7.940465909658543653e-03
9.388155149763186685e-03
nan
1.446842279593100675e-02
1.764182062056146236e-03
nan
nan
9.662222683439056908e-03
6.360636139411229850e-02
nan
1.028539470056260424e-02
7.920528265520795919e-03
2.489576245435455235e-02
8.607065204637406527e-03
1.572005303746909499e-02
2.278293446394380126e-02
2.037396673573336342e-02
nan
3.298782763334350693e-02
5.199186095923387374e-02
9.465705698587217193e-03
1.758866703734478926e-02
nan
nan
5.156125619863251124e-03
7.205118208875494097e-03
3.404653692437172377e-03
1.440241962982734270e-02
nan
4.009948375827772360e-02
2.472954528734726265e-02
nan
1.639309461426172870e-02
5.982195676033571358e-02
5.659028599042912472e-03
1.633075863703924158e-02
nan
1.552300580462702417e-02
1.406430775586079741e-02
2.063008841524915232e-02
8.539634213972201876e-03
2.743801367652663400e-02
2.019633676311643339e-02
8.220589705022873783e-03
1.407695388504808659e-02
7.819757352801948169e-02
1.273710250936661327e-02
1.712546010052546502e-02
1.635991110650229785e-02
2.794044086078058264e-02
1.052395171062315941e-02
1.021609270754180246e-02
3.174320423802578540e-03
2.025949901536019601e-02
2.105946413318121602e-02
9.836712193981226107e-03
1.837064094068479106e-02
1.246825285211814946e-02
nan
1.785018288148850982e-02
1.133264269396670222e-02
7.706787785975902083e-03
1.308169947171286887e-02
1.621314728423937923e-02
1.520363554044461274e-02
5.770286265952583038e-02
1.668641517677819930e-02
1.520446532267742679e-02
6.763302162698913052e-03
8.500091213450355898e-03
nan
1.505432000111280727e-02
5.350839930936742567e-02
9.999948740142858283e-03
2.456941259411735828e-02
1.973839734814209282e-02
2.388498437125280080e-02
3.631330369417141730e-03
nan
1.077458025013452829e-02
1.430100338412537003e-02
1.109024791887494761e-02
1.228877819765841067e-02
9.406160751455384245e-03
6.511411223277886566e-03
2.297846648114553955e-02
1.340705821860082789e-02
2.090070915332232701e-02
nan
1.073569281466968221e-02
1.673543188499544004e-02
nan
5.294902062637147841e-03
1.267688776576918544e-02
1.739074149512740211e-02
2.280696458874754626e-02
2.958462042548081622e-02
8.583496063904558215e-03
4.946424394823993424e-03
2.019461450473288358e-02
1.083059930409611439e-02
1.098381935428893383e-02
8.963784173428761617e-03
2.127554898648817069e-02
2.711456261619775779e-02
1.254954343627073116e-02
1.817865569045681168e-02
7.551532655461719312e-02
8.743100693169376242e-03
9.044926235147939322e-03
5.535830811519083794e-02
7.657036987370322532e-03
5.509691330205284537e-02
7.843916120997364294e-03
7.546948682254598674e-03
2.260850224230064737e-02
nan
1.472792959051781245e-02
1.413055991100527729e-02
1.897376514382684287e-02
1.058714220684654587e-02
2.907742184131641844e-02
1.696367603690563525e-02
5.570810362123270430e-03
nan
3.107105225519416706e-03
7.507180987889557934e-03
nan
1.625571074351275791e-02
2.960050298307911540e-02
6.917069808822367237e-03
6.743692469247133253e-03
1.239861234845348811e-02
7.949284501772230574e-03
4.189826035215245444e-03
6.882473197154410915e-03
nan
1.169295227951267814e-02
1.967761940611986726e-02
9.730304215782270907e-03
