1.488189749354173509e-02
1.304946993553161155e-02
2.576367009324375887e-02
7.013466807260332683e-03
8.521119714701000381e-03
3.872395603867862229e-03
1.357724259205444518e-02
1.238017868028043998e-02
1.351773003899670554e-02
1.399540354980900216e-02
1.198961193153204319e-02
9.503946140520214483e-03
5.713796954940219934e-03
2.211857604453467546e-02
1.482001620076943242e-02
5.961224762730986219e-03
2.721820420445946950e-03
6.176041750474532514e-03
1.251518206354022139e-02
9.779888270959741225e-03
5.553633879360853065e-02
4.863714099381557382e-02
6.519027748156451009e-03
4.011322213637052991e-02
nan
1.899295882284445305e-02
nan
1.157201614314760235e-02
4.001806879561129598e-02
nan
8.954388684922039848e-03
8.044592419730867833e-03
nan
1.133674604725353960e-02
5.007933349205397240e-03
1.069796054129311391e-02
9.240905815539454324e-03
9.606684100102111379e-03
4.673532747342708758e-03
4.685571380322809537e-02
9.816615865823340864e-03
1.793678164083667079e-02
1.710630048622887797e-02
1.095109779753537099e-02
nan
nan
8.577887419117587176e-03
1.628877249258811957e-02
3.810745471760796158e-03
3.916291589088928375e-03
2.446852577905665391e-02
8.902609679356597583e-03
1.007083308378478419e-02
6.897480994995098570e-03
9.704921578595060785e-03
8.875769357007935734e-03
nan
9.021833503918708780e-03
1.183221664670884403e-02
2.441221528152457895e-02
6.081335534088227850e-03
6.414214011902603582e-03
1.306343301415397590e-02
7.225780447632034094e-03
5.169917364041603722e-03
nan
4.317959800494826361e-02
1.048672504368913447e-02
5.945046158736141950e-02
nan
3.728587090828565809e-03
1.744630800918619412e-02
4.955844075784148969e-03
3.986361106592602697e-03
1.706010191840298673e-02
1.792504129257775636e-02
nan
nan
2.707015723568264795e-02
nan
4.777336746839350862e-03
nan
3.077950318103573474e-02
9.216709170503439505e-03
2.787590242427325556e-03
6.162756363276665830e-03
4.823503363573038681e-03
7.048845147157253160e-03
1.896434936430467857e-02
2.514714943044472906e-02
2.251930116443013122e-02
1.317828766632010706e-02
1.974175106005078908e-02
3.348720685272410513e-02
nan
1.266157365867023703e-02
1.320323617850278908e-02
9.641001345460921759e-03
2.798382761299929647e-02
8.174761330599515652e-03
3.893434350488901661e-03
1.019454531402679519e-02
9.502582567021855553e-03
9.192510204303731142e-03
8.991757673162252898e-03
nan
1.303548454760098535e-02
1.239346787641794866e-02
1.455280107617847388e-02
nan
1.493338106106508086e-02
7.217679416968474787e-03
9.163829305253758106e-03
nan
4.198197490448263465e-03
5.724274593822980053e-03
1.804202356100492385e-02
nan
5.657408556356486977e-03
nan
1.571419337260073976e-02
8.010310696493373045e-03
3.306076474106912390e-03
8.769540022412635263e-03
2.441150189097124334e-02
5.618573058276695592e-02
1.187770412713779963e-02
7.558050930903791736e-03
8.444769621130316858e-03
4.582651959056474947e-03
1.943532119865055280e-02
1.454765329567935667e-02
nan
6.259898533431470721e-03
1.891053267902226970e-02
1.475460462600199432e-02
9.448602140312055767e-03
7.756215638578090044e-03
1.648728757602472075e-02
4.765316959314607262e-03
4.516271521042516078e-03
1.662466779937557884e-02
2.738650413914532449e-03
7.302249798868426511e-03
1.646893860749948368e-02
nan
1.306097999384179739e-02
8.363231588110199913e-03
8.461707056207435143e-03
6.675344762020728358e-03
nan
1.682479783709070822e-02
5.606030183039296087e-03
5.491830931611522797e-03
1.268419178697716837e-02
1.406514449771605925e-02
1.625171358374089339e-02
7.746843828046610231e-03
6.745990426518605476e-03
2.012114461950451766e-02
1.271754999430303214e-02
6.902750745768141717e-03
1.009778866059415393e-02
7.029248489417229927e-03
1.325212576403658922e-02
1.296459864022965827e-02
1.367973372235006292e-02
nan
7.548262937731106334e-03
8.743893399382054316e-03
2.594469260054759266e-02
8.704195089445058639e-03
nan
7.746927829439979180e-03
3.738518621660703086e-03
1.040073122408967030e-02
nan
1.260401668520071995e-02
4.733560701633431414e-03
1.254099829320979957e-02
7.087909020710139209e-03
2.655936767792449471e-02
6.077354323560969773e-03
3.136153557661515955e-03
1.121026841727527056e-02
2.637931949048869049e-03
7.352103113066854947e-03
nan
nan
1.369444274036267853e-02
7.432169919027693979e-03
9.012731313334012770e-03
9.131170350618207296e-03
1.466407543932381728e-02
1.321899340726387199e-02
5.895675672610837213e-03
4.544861083356442275e-03
1.207420599963567910e-02
1.548077454404749552e-02
1.059358973635067189e-02
