4.312341543425596974e-03
1.740030708208859661e-02
nan
6.569842185172353362e-03
3.938740959713452408e-03
4.500090277672544672e-03
1.273575469812527998e-02
5.816110084642251744e-03
9.984641548797123026e-03
6.163932173867387072e-03
5.350683586833398890e-03
1.279432259906944890e-02
9.609309506012232022e-03
1.346474658295267884e-02
6.394046517622617096e-03
6.687683602858736712e-03
3.423792604479873429e-03
nan
1.195837489142025610e-02
4.666904667484632167e-03
1.163307720167856656e-02
nan
5.555675026956870266e-03
1.947655859790719396e-02
1.150802149959071798e-02
2.268196529923747692e-02
7.995168667994424078e-03
5.746782046231252959e-03
2.502852743945533157e-02
2.287599739618945485e-02
1.047066300757808384e-02
7.471104490911289163e-03
1.298396630746237283e-02
1.180669472456534995e-02
1.317787618991192976e-02
1.006491774400690258e-02
1.184264939923125766e-02
9.265417995584892055e-03
1.762716074177364187e-02
1.597429217204231547e-02
5.088064367314655903e-03
1.622810520124748357e-02
1.527156220207196921e-02
5.904769032825237136e-03
8.545207810891325417e-03
6.494508241883942094e-03
6.533204404594201813e-03
1.533064304466541516e-02
2.637902445718656123e-03
5.918688591261189388e-03
nan
9.018251899819423531e-03
nan
5.629287001145082472e-03
9.405583070498459847e-03
1.123123901292861007e-02
nan
1.280867386624412116e-02
1.233260993832465367e-02
3.065141135945748802e-02
1.008753784024412140e-02
nan
1.471627672690337639e-02
1.102625553073180789e-02
5.919778504044502856e-03
9.870566354369737436e-03
1.713782463625054472e-02
nan
1.517575715150912795e-02
8.044571825420003541e-03
6.412009130233754101e-03
nan
6.414193765790483434e-03
7.474952135437908270e-03
8.781127377189034897e-03
1.518221539829383605e-02
1.133280064166979940e-02
nan
nan
8.977491001810436119e-03
8.404348055545466517e-03
nan
nan
nan
6.494373999368012289e-03
5.977814092146280754e-03
2.485857224804717980e-03
3.859361771515197603e-03
nan
1.558368860023381236e-02
1.905212885544809581e-02
nan
9.009632711069113370e-03
1.948651458929030050e-02
7.238933403577468666e-03
1.080510435125837249e-02
1.121268830349039618e-02
4.494604158288391209e-03
1.428371804551639701e-02
7.432201571332040964e-03
4.836580385658618801e-03
1.200412197427279566e-02
7.048112835025405198e-03
nan
5.730256348758130426e-03
1.276299362659114554e-02
6.083808981688109720e-03
7.788497469016946069e-03
6.557910194863335665e-03
nan
5.027224567967001831e-03
1.400265083403524468e-03
1.353764774335530253e-02
nan
4.223242046341009470e-03
6.437292532724006242e-03
8.521865987189021496e-03
3.878963759266437945e-03
7.533439296979630405e-03
1.420736086016640039e-02
8.673342456640273021e-03
1.471376492315054109e-03
8.338491144885216630e-03
2.645851631138865408e-03
1.105109968516530643e-02
nan
2.183694985552771251e-02
9.176250812603063342e-03
5.834676468192963143e-03
6.159191157667950368e-03
2.552608897648370179e-02
1.366758152406830247e-02
nan
nan
nan
1.251511808658622993e-02
1.415635244350580378e-02
7.276796022117212014e-03
1.395953323172816583e-02
5.402082528477155157e-03
1.760492182250555926e-02
7.549360551613836824e-03
5.225884573146427972e-03
7.015991743870583254e-03
nan
2.936292060125728683e-03
5.975985458411485485e-03
7.542670859706594559e-03
nan
5.449457491091550670e-03
7.224141879252652353e-03
1.946189991724846940e-02
6.214424263673292044e-03
7.543799275455419229e-03
1.675905066726545226e-02
1.122699621704443054e-02
5.540802552158758873e-03
8.314436424755914171e-03
5.709045424334206927e-03
1.519364096618008517e-02
7.902084321334375966e-03
4.114495832459777458e-03
6.921085619212492476e-03
2.917929626147838969e-03
7.525297522746734157e-03
1.149708761010960825e-02
1.258320318298204038e-02
1.501722642679002850e-02
3.517998268985015296e-03
1.445674204465500698e-02
2.379029027433090387e-02
3.857136834463883567e-03
1.973253806204453009e-02
1.343915159823424847e-02
7.139535879241822383e-03
4.004832745290618119e-03
1.046905691967850958e-02
1.018333676983766874e-02
8.565927227510301487e-03
8.231628585394482403e-03
1.025469700545782528e-02
nan
5.894872104807785500e-03
5.638486698471121064e-03
7.913859785768417865e-03
2.074433124246643449e-03
3.186810442980387171e-03
nan
nan
1.614053661774353041e-02
7.147319679530300153e-03
4.243531635845449249e-03
7.950837199358951751e-03
6.490904577665397752e-03
7.138255863671615596e-03
1.138442089768130008e-02
4.900298304826900680e-03
nan
1.334341330254177303e-02
1.059517022902815679e-02
