8.562471824406711618e-02
1.779829963741408616e-01
1.302703893408534708e-01
1.164744470532782725e-02
2.392625835936404780e-02
8.870577496029583009e-02
3.704925321471803229e-02
1.209414117125538896e-01
8.535492052885235159e-02
1.284935791060519694e-01
4.357520929970382095e-02
4.377746674920935527e-02
1.101896536309691643e-01
1.262164498222313191e-01
7.376817718774908439e-02
2.163003308535456012e-02
1.187543966996057188e-01
9.885060341702461839e-02
1.678900087209283243e-01
1.349020922051059890e-01
1.670208779465276738e-01
1.274160567952450085e-01
9.009288894860019437e-02
2.959561236657722375e-02
1.071341996480090208e-01
1.791428849112321753e-01
6.691865316138419228e-02
1.296626237633279888e-01
7.414742588082483266e-02
8.774446926439652406e-02
8.637259284317373720e-02
9.772646040730498251e-02
1.275733237701926204e-01
1.153864447434179430e-01
5.862847940633598987e-02
2.098003543753525768e-01
7.534573526632187823e-02
3.296133338710675875e-02
1.468662353538351950e-01
5.935276271793244601e-02
9.701812250370696333e-02
9.552359467048274211e-02
1.685114054388688887e-01
9.042532058562814667e-02
9.108816736689834270e-02
1.178005848261393096e-01
1.138944411427970788e-01
1.003291018010187274e-01
1.411267000773268054e-01
1.834850602445184109e-01
9.725727933367114830e-02
1.193035047198805765e-01
1.205428307890654138e-01
1.018256245433441370e-01
1.538591533507744358e-01
2.122778992300475565e-01
8.342415865706517483e-03
1.167293427903486336e-01
1.190508604261018427e-01
7.593833751930793852e-02
8.294390652465284675e-02
1.630050010183592135e-01
1.087396634432145764e-01
1.571237197260018370e-02
1.281197688725058403e-01
7.995617987699479845e-02
8.229769280967794143e-02
5.827379689747753944e-02
7.716007950457146047e-02
1.047738684189975233e-01
4.232519375450847360e-02
1.610792278479651340e-01
9.588087966744401891e-02
1.117640430914653288e-01
9.266884540602605969e-02
4.666676413592690115e-02
1.488211232288188524e-01
2.136854759229283862e-01
1.210393017254922515e-01
1.909952424595966758e-01
7.404909664434425332e-02
6.514264573753238141e-02
1.146427205035193131e-01
1.324625617754639217e-01
1.428693429218771960e-01
1.041248666680694712e-01
3.173591797022790734e-02
1.562216280874882679e-01
1.241918110080435927e-01
1.708581239731467027e-01
1.318300131463843450e-01
3.668089738986053672e-02
1.201226810544641782e-01
4.456785171222948927e-02
9.550880388441830571e-02
1.049236915887865051e-01
1.624096405467005955e-01
9.970478373238994552e-02
1.084474503524995304e-01
1.170048916053542803e-01
1.309375030459784262e-01
6.057007511146702411e-02
1.204699182659032808e-01
1.119707880845841330e-01
1.153535893440700982e-01
4.475675953446735245e-02
6.875172604923404651e-02
1.212967405379306168e-01
1.932289482157676097e-01
8.458239257131182354e-02
2.187749322870269908e-01
5.776120939877937149e-02
8.291099858466398353e-02
5.593943741191203384e-02
8.681025224077888736e-02
1.108972378684074112e-01
1.849455168079183198e-01
1.853507732010186981e-01
5.113085178128849717e-02
5.249049691850875277e-02
1.865689032953619375e-01
1.749488684673065897e-01
1.681046244212952567e-01
1.474241510065761596e-01
1.495727817804529403e-01
1.979134094898579443e-01
5.754295189698488411e-02
1.542155700570948910e-02
1.144718701390969179e-01
1.146391125394106286e-01
5.868707870239334157e-02
6.789850474112418821e-02
1.082341759165233175e-01
1.093044262313775800e-01
9.777674607736124013e-02
4.802455687728628131e-02
3.843566605971046601e-02
1.736501121364898981e-01
5.180645309698161949e-02
7.470407524538717758e-02
6.366639679179826594e-02
1.384499567880683735e-01
1.137217951562905227e-01
1.251992210015623330e-01
7.720501287302029836e-02
2.303457774292309301e-01
1.336343985633148546e-01
1.066826887311872196e-01
1.209701687698258310e-01
1.622639247985744049e-01
5.669551880221476714e-02
2.118991599693968442e-01
1.506741380354645332e-01
7.499043880490526004e-02
4.936479650713472556e-02
4.591642047551047767e-02
6.838150421515787336e-02
1.649296564885786576e-01
1.556291874571037182e-01
2.100568208526545078e-01
1.389307364937397982e-01
1.062464976074474904e-01
6.878692812717776550e-02
4.664552937501387220e-02
1.234671366522460539e-01
2.267791450272822196e-01
1.481847949569945755e-01
1.934245347355018629e-01
1.378109001272488920e-01
9.684058057954031407e-02
1.365431232179509513e-01
1.060763015846660946e-02
3.995642606173432226e-02
3.853724165136764024e-02
1.220064719534287023e-01
1.644779794020430341e-01
2.339285798119452101e-02
1.086801730842029967e-01
8.741769438377362811e-02
1.003047000398751970e-01
1.426084762269900497e-01
5.148203113019973048e-02
1.988271577254343767e-02
1.130522841486293339e-01
5.448564555823785099e-02
9.511759557788883324e-02
1.142056926600828470e-01
1.167535373795636211e-01
1.236336284096984373e-01
6.563918571330185081e-02
2.351302616106087928e-02
1.377380733988793626e-01
5.529958550611621670e-02
1.157699184352801863e-01
5.185191129933092863e-02
1.259826408432137834e-01
3.782881786283293774e-02
4.519013898771755827e-02
1.140226963924329678e-01
1.039702052829073881e-01
