9.371323596930912492e-02
1.834920509284302115e-01
1.570803015236624522e-01
3.022827176484274223e-02
4.774885894074190618e-02
8.873722641188404314e-02
5.996456778596528925e-02
1.440683906115900192e-01
1.100748671469587298e-01
1.363207582339431012e-01
5.802099558261478163e-02
3.720725848121421431e-02
1.339400000127398405e-01
1.157182449646180639e-01
5.222974529997702342e-02
1.752614730813909991e-02
1.061816840061647199e-01
8.762629466673553524e-02
1.936507227920657437e-01
1.546254709191082488e-01
1.839437454568056129e-01
1.502925301230424726e-01
9.053902482700668108e-02
3.587782487734239578e-02
1.253965250511963891e-01
1.802618142431090253e-01
4.977451549871139691e-02
1.302029272544903971e-01
8.834093888806036909e-02
1.111517057201871911e-01
7.610455576626440344e-02
1.155157476363586344e-01
1.077712796395049605e-01
1.147977880358939801e-01
6.276526337222775032e-02
2.140036514683003321e-01
9.858891865587769698e-02
4.804205680011962298e-02
1.736682725217521261e-01
8.412186369416224663e-02
1.081086987990104442e-01
1.215546826649537143e-01
1.909711757911521646e-01
1.173836127427826531e-01
1.007959854157261942e-01
1.121324772666463798e-01
9.734538460287660289e-02
1.212484952138302013e-01
1.506013867345556978e-01
1.810368350324170206e-01
1.081641687741703023e-01
1.455988702096587817e-01
1.035891953886655531e-01
1.076360718764650809e-01
1.808814150848734037e-01
2.220695834125982759e-01
2.252983323771707430e-02
9.699968826152535750e-02
1.421546441452255782e-01
7.032941073652738961e-02
9.206485760805874219e-02
1.733564642980410520e-01
1.091458173123212166e-01
1.200714932303005404e-02
1.551550551630103414e-01
8.907542065067826365e-02
6.148308452841873273e-02
6.372683457453695577e-02
7.358923322958374480e-02
8.880402976189739894e-02
2.323671404459055206e-02
1.828460802738805513e-01
1.184102108110550999e-01
9.320192918025341222e-02
1.163990018512443408e-01
5.051319386012509405e-02
1.703925998393755470e-01
2.247269471794108853e-01
1.300259044947479903e-01
2.011765491147364526e-01
9.566342442571487692e-02
8.701491445411078940e-02
1.341378528634674105e-01
1.334267144358018964e-01
1.686138084565641793e-01
8.649214074479658065e-02
4.487916421808992723e-02
1.831477421862283961e-01
1.193883408338982377e-01
1.842130462268418978e-01
1.539048882480920366e-01
3.643386840223798023e-02
1.037436201983322898e-01
6.955519121963203710e-02
1.052631852730872980e-01
1.190023914967119761e-01
1.625620391299249790e-01
8.550113519287247388e-02
1.083348053976532638e-01
1.251067975596666104e-01
1.556029683130636387e-01
7.341884673133290684e-02
1.207530422545125270e-01
1.191687349873757629e-01
1.393599724343206336e-01
3.906261033244887854e-02
9.332748742886665116e-02
1.179262461870268786e-01
1.957175753894115355e-01
7.529390759844536984e-02
2.225978538090783165e-01
7.403454443816612218e-02
8.285934083404179751e-02
8.260750390922826092e-02
1.038999678275488586e-01
9.445373532094412938e-02
2.100220844845164803e-01
1.942265442111921758e-01
7.632060383741248732e-02
5.966571670881271050e-02
1.835863346797649009e-01
1.738462056432393266e-01
1.629567160004455062e-01
1.460329915876172058e-01
1.751731755899539056e-01
2.244156657454705051e-01
4.632439085435633569e-02
3.204489114678278627e-02
1.302070537563060904e-01
1.226991542693158660e-01
4.223336857629648999e-02
8.925507335267485187e-02
1.072708119015420569e-01
1.316624954186875751e-01
1.139614665770528473e-01
3.435415836916839993e-02
6.001445999574517298e-02
1.920754949534552170e-01
4.538029240629650601e-02
1.008641367918150927e-01
4.972716314889887718e-02
1.236535948243450700e-01
1.259724013267073395e-01
1.493598687677130665e-01
8.902368942536094398e-02
2.325182687177871355e-01
1.327314852695324898e-01
9.117656649659805490e-02
1.383945817924867594e-01
1.660994332878736324e-01
3.742017984051300428e-02
2.168255990693135071e-01
1.459911655771699290e-01
8.276489085637378507e-02
6.977471270160011396e-02
6.774970042620505339e-02
9.497199077014234492e-02
1.867219298302112418e-01
1.778962052177487096e-01
2.131807299007086876e-01
1.549691836693168068e-01
1.322761065665987446e-01
9.021075043719047060e-02
5.097265042334573476e-02
1.074528175723976353e-01
2.288074797235224167e-01
1.751429642596481762e-01
2.181769336583116448e-01
1.413174787933133003e-01
1.191630787051093376e-01
1.605733128504058527e-01
3.062070499789595543e-02
2.150767108814969839e-02
2.676491799062575769e-02
1.338975514986850135e-01
1.722081185991107266e-01
3.358354229387281592e-02
1.353956831737307687e-01
1.138985949979043344e-01
1.260884940981629732e-01
1.625202054403232788e-01
4.216900586352540642e-02
1.447549474897307127e-02
1.396719820906650034e-01
7.579608797215359184e-02
1.183906918367480937e-01
1.014547585716829708e-01
1.154676372319351357e-01
1.435078493030541025e-01
4.888133491649350459e-02
4.839252049883135953e-02
1.517111217594633299e-01
7.711874348565751769e-02
1.251793212731132088e-01
7.562366084000159139e-02
1.233136048940498553e-01
6.407444590165112253e-02
5.752537879678717297e-02
1.359513553490140636e-01
1.031566095567450630e-01
