9.337765115344574818e-02
1.820172304988779133e-01
1.596789317193129110e-01
3.263743387044155259e-02
5.182703434733128278e-02
8.910161428155093100e-02
6.391722924919661375e-02
1.468059955796944538e-01
1.136122302188483646e-01
1.341583045188458612e-01
5.926704486653450177e-02
3.562945398796102392e-02
1.364805278027550473e-01
1.111572188257138050e-01
4.741138600640906753e-02
1.669170742469929664e-02
1.032025967473820249e-01
8.351023881157706996e-02
1.965133849880952854e-01
1.567051253401085809e-01
1.849695600013078756e-01
1.522088299028966085e-01
8.755052492137142817e-02
3.647029367478318851e-02
1.254877924640825371e-01
1.778197022066210220e-01
4.718086945650026148e-02
1.289327019679933628e-01
8.865422664893000959e-02
1.143103780607066799e-01
7.295014534065366596e-02
1.158309790925142607e-01
1.028869406795890062e-01
1.122057434120193181e-01
6.190064060673332313e-02
2.118543991721337227e-01
1.020471712070355336e-01
5.044269020493118150e-02
1.764187234013245842e-01
8.826596077701555354e-02
1.081260017737577933e-01
1.251221405011745114e-01
1.928246061836733638e-01
1.202441503232734021e-01
1.006494361497203699e-01
1.078827932713725679e-01
9.245747427428281651e-02
1.241966904315862236e-01
1.505455996668352836e-01
1.779731236899322888e-01
1.088196847592286937e-01
1.493084337829498898e-01
9.883128546743266685e-02
1.065278674407626885e-01
1.839269526114512832e-01
2.211949425931647728e-01
2.498772953905772573e-02
9.200535564774736663e-02
1.444967213749712709e-01
6.933040971550029352e-02
9.006967196807609544e-02
1.725580650016917406e-01
1.055366168507495817e-01
1.553245140617256700e-02
1.580239150939549420e-01
8.786917958951045993e-02
5.657593866822985262e-02
6.140914439332569030e-02
7.200609157228390900e-02
8.487699128629089262e-02
2.337957103507496553e-02
1.845585279634678333e-01
1.205680222615865826e-01
8.818111322834672194e-02
1.181873406424761297e-01
4.926623498522748890e-02
1.727583668583154708e-01
2.240461584911467574e-01
1.306129131172386049e-01
2.007526367608504503e-01
9.738264312933966882e-02
9.145931793978633040e-02
1.362886491352791885e-01
1.313735418520164400e-01
1.712369607957928419e-01
8.157923532157994317e-02
4.860417622752526146e-02
1.861216707300607509e-01
1.151200141569584945e-01
1.844510533056039903e-01
1.560183463795505043e-01
3.403356087041217032e-02
9.881226969361718571e-02
7.318919905144091742e-02
1.063651835842016197e-01
1.180850813579380210e-01
1.605680933812125011e-01
8.283671449764773431e-02
1.049576178229085638e-01
1.252785740030612216e-01
1.587091343654830899e-01
7.213586695678653182e-02
1.193881645581994499e-01
1.177226327953953960e-01
1.426342752913440926e-01
3.551071779313147436e-02
9.560562624558026357e-02
1.147791249473827380e-01
1.933564970433123698e-01
7.096113802945694382e-02
2.202489241711672319e-01
7.342207834737445038e-02
8.118935755029330070e-02
8.520566042841784538e-02
1.044204230305253583e-01
8.974876753686340802e-02
2.124103524093529372e-01
1.935770873850816698e-01
7.892384624769079038e-02
5.761583426931378427e-02
1.804323241892415441e-01
1.715185100795778572e-01
1.599669549870901541e-01
1.424351954323790637e-01
1.780087321209572748e-01
2.269610359929545851e-01
4.499084342656996249e-02
3.523488490922312838e-02
1.302085714423594776e-01
1.220566538440687188e-01
3.958345493765880879e-02
8.966500153703783893e-02
1.044989045610155293e-01
1.346349012649084298e-01
1.155723834993024196e-01
2.996197251623985980e-02
6.315598949043665922e-02
1.933955164334075494e-01
4.424144632656258624e-02
1.039831925144332203e-01
4.519028509184187803e-02
1.192180121415778032e-01
1.268517402215358636e-01
1.520693132057925057e-01
8.836408212036396537e-02
2.298203912682267036e-01
1.297734024355375326e-01
8.636919689779144760e-02
1.384182357075900982e-01
1.642272148343620342e-01
3.550893846786500052e-02
2.149589549598072413e-01
1.429911999907511055e-01
8.368905646899696404e-02
7.141855078262389356e-02
7.204422435927357315e-02
9.733085764628997272e-02
1.888940203372827253e-01
1.802181536371524617e-01
2.107961438481480987e-01
1.560681369307332367e-01
1.345720378809056317e-01
9.262598646317411755e-02
5.171127794059365151e-02
1.024476695628697837e-01
2.262334078980941521e-01
1.783664863692825397e-01
2.205830336958796989e-01
1.383667266837427523e-01
1.207052034699083731e-01
1.635808580831897008e-01
3.393451067367911356e-02
1.981200735350450645e-02
2.484129571263849270e-02
1.342049934462367922e-01
1.716475638795401659e-01
3.322735012433863239e-02
1.385756113522117194e-01
1.175022518919860287e-01
1.299630728785640954e-01
1.644112850298500017e-01
4.035644346755403594e-02
1.564781842860767103e-02
1.431086822953274440e-01
8.034539334809544242e-02
1.192621132205415879e-01
9.668435025929640603e-02
1.116280122064214619e-01
1.458487849467929587e-01
4.540805915436903900e-02
5.169041383791403432e-02
1.528133746296054807e-01
7.834115235054803228e-02
1.260397877572398961e-01
7.807933738612006513e-02
1.192715110168160314e-01
6.661499968214219802e-02
5.890898478594055326e-02
1.392812065163166191e-01
9.946640065510568840e-02
