7.302589428659511661e-02
1.606516508539473920e-01
1.480398288068897061e-01
3.261602196865193842e-02
5.255355074823043343e-02
7.832077739919791892e-02
6.534765672305163642e-02
1.323322841776895520e-01
1.108090206191974236e-01
1.105494838840539173e-01
5.892590126849461124e-02
2.145135229362380921e-02
1.211277131146549363e-01
1.052364088149363025e-01
5.368947399778208063e-02
1.249755171983014425e-02
9.335300425361202359e-02
6.998848978294772150e-02
1.823219387135413261e-01
1.401131275212070260e-01
1.652117262489984917e-01
1.341865448056276944e-01
7.880676643204448384e-02
3.947519820045729960e-02
1.028090285633575102e-01
1.571306122713907183e-01
4.489463201891612937e-02
1.114860388682033243e-01
6.738455025809005072e-02
1.024605791968865587e-01
5.963667118215573021e-02
1.066577927899307054e-01
1.004797672328709146e-01
9.178191511286151738e-02
6.211753350159323478e-02
1.899617307849485459e-01
9.225743403855479752e-02
5.423134981185147308e-02
1.629379504210925755e-01
8.591004264230590881e-02
8.743057339341618606e-02
1.159717565205417578e-01
1.743842962871170188e-01
1.084267649699359737e-01
8.008397592608181015e-02
9.678164925016131959e-02
8.577274266862183749e-02
1.116696530984512409e-01
1.308625380789972537e-01
1.587306309127783921e-01
9.076051123464411174e-02
1.414995522943670037e-01
9.204950089768035304e-02
8.527113401435769402e-02
1.731892712731731288e-01
1.990435553620637232e-01
2.577496954175596128e-02
9.150638249066417318e-02
1.282326017025023634e-01
5.799872364459535828e-02
6.684139108571675314e-02
1.501353143664437839e-01
8.740480172983003393e-02
2.566747027828068795e-02
1.465968709266849412e-01
6.428901874903004965e-02
5.697189070250361503e-02
3.896930511069507386e-02
5.621990347809829869e-02
7.705224439466629160e-02
3.369841935941901567e-02
1.657414737445486452e-01
1.153720176197405300e-01
8.575593274112300324e-02
1.001654484990860960e-01
2.668774728678661307e-02
1.567194367296227964e-01
2.017621956752776446e-01
1.136882342115335676e-01
1.796066215237829000e-01
7.935659550836099418e-02
9.368762861310382661e-02
1.202279564470505463e-01
1.112498226485048314e-01
1.561943443708857793e-01
8.143288287697929284e-02
4.620503394275923131e-02
1.757947345057778443e-01
1.003024740842070883e-01
1.636416633330179116e-01
1.388556101106276919e-01
1.263458577493241364e-02
9.663588020917628085e-02
6.591355393042859501e-02
9.105297796826535006e-02
9.423987702421253443e-02
1.414954624041860343e-01
7.589990302129338839e-02
9.393486869013092933e-02
1.072413498219481343e-01
1.458404934363379812e-01
5.179360296551526605e-02
1.017247793457002059e-01
9.491292337819128011e-02
1.308940699099475080e-01
1.987093721457944273e-02
7.999897251473730986e-02
9.557485839018939333e-02
1.720251400773131489e-01
5.626805702055922426e-02
1.982857177572835139e-01
5.368196024058943805e-02
6.202978307336086405e-02
7.533266944061595138e-02
8.292689311465475943e-02
8.229390112660139867e-02
1.959362098325535817e-01
1.724914164758748480e-01
7.254752229873658032e-02
3.690512680889601604e-02
1.614646258980811100e-01
1.526541082005365702e-01
1.428690699425268218e-01
1.223877662831973495e-01
1.637711229122946199e-01
2.119141701979362358e-01
3.866995597371382376e-02
3.977836688968133111e-02
1.075945100315603004e-01
1.010327776665542049e-01
3.626270561189590125e-02
7.089886645880888461e-02
8.392087828540266414e-02
1.216561926951598566e-01
9.866750897839009216e-02
2.902610767924308083e-02
5.349362836105957253e-02
1.740952295046407083e-01
3.241751871135406526e-02
9.260944575286490787e-02
3.530958694605036696e-02
1.095099151574068369e-01
1.089675468499625571e-01
1.373017130092747118e-01
6.505577206394472234e-02
2.083490962247996625e-01
1.092573707451439807e-01
8.483309259770553667e-02
1.155723871603563241e-01
1.428527003258188710e-01
3.928137314593549423e-02
1.931977476942003391e-01
1.253552451993082406e-01
6.883738711753237260e-02
5.390253574147290533e-02
7.469284209950292908e-02
8.412698915228011831e-02
1.718667772673029837e-01
1.637574788314789254e-01
1.891313843625507252e-01
1.370089127838319543e-01
1.237541942729573491e-01
9.027838371772353709e-02
3.814866713081160876e-02
9.665361293929336517e-02
2.049843761978389634e-01
1.684149085838368698e-01
2.040754571885090851e-01
1.161147986021943135e-01
1.016844896188834474e-01
1.501687572544491978e-01
3.671405095063290380e-02
2.432977485700386910e-02
1.698479497134715646e-02
1.142880884450234724e-01
1.514747340707543188e-01
1.636438246903139382e-02
1.274202518663437311e-01
1.096724730390981201e-01
1.231947507103129669e-01
1.468953158524812230e-01
2.933776884911362681e-02
2.467993755147622134e-02
1.356151825719813520e-01
8.308626930729488824e-02
1.001683286045922938e-01
9.142801686119525484e-02
9.384043309311654313e-02
1.304589595365233945e-01
4.007841559477556825e-02
5.002626418912858863e-02
1.348741787637496581e-01
5.925616989656971173e-02
1.099705787085210329e-01
6.374671454474641064e-02
1.039255178818440373e-01
5.455862518892585361e-02
6.136927284963940299e-02
1.283295075864239188e-01
8.055968746334246644e-02
