9.424749192095249750e-02
1.833224628339232831e-01
1.591330104668967349e-01
3.195992601827748331e-02
5.049204957038531255e-02
8.949889233625288321e-02
6.254811939706925172e-02
1.463707907747623382e-01
1.124591605911163666e-01
1.357235284853575419e-01
5.885800074244496027e-02
3.685844904404670525e-02
1.361367612386666925e-01
1.130192455430400478e-01
4.910840068815415516e-02
1.751031981199493298e-02
1.047521705107598705e-01
8.555026892737772892e-02
1.959917826400340846e-01
1.565839439251765219e-01
1.853208019077642876e-01
1.521628995931203765e-01
8.890767519749805115e-02
3.624993386948108243e-02
1.262154363800986889e-01
1.794478778759250326e-01
4.845570810541532242e-02
1.300757399680233517e-01
8.929398584231892921e-02
1.136560173069453422e-01
7.467034800229278846e-02
1.159835964042418288e-01
1.048376285276829689e-01
1.138785615281986824e-01
6.220985065563707644e-02
2.134072099774610154e-01
1.012320444639913802e-01
4.951646163885843610e-02
1.758966823453997907e-01
8.694272932286987998e-02
1.088731182503236972e-01
1.242060468599806983e-01
1.928145673154831041e-01
1.196433209893048022e-01
1.014542892413597686e-01
1.097929828329497898e-01
9.454998944153227003e-02
1.236497172209525819e-01
1.513018325130223440e-01
1.797803061134606861e-01
1.092793406816937041e-01
1.482773151421421243e-01
1.008854946637221250e-01
1.076956005384614168e-01
1.831985488235685355e-01
2.223025440959464361e-01
2.436043651430132989e-02
9.392215637136538953e-02
1.442525100865420240e-01
7.024584421091409348e-02
9.153369229646174388e-02
1.736403169054897000e-01
1.074338157225415979e-01
1.435424994916789827e-02
1.573858669440493518e-01
8.909880777229810256e-02
5.851823436819229840e-02
6.295944754671917165e-02
7.323285766065416869e-02
8.670683455977157283e-02
2.334573143722750224e-02
1.846138134880815629e-01
1.199476923002358586e-01
9.017624149146319379e-02
1.181779265820711439e-01
5.048270843264562185e-02
1.725077562663558106e-01
2.250858021954628141e-01
1.310714504865459484e-01
2.016757123624382808e-01
9.741789814847851003e-02
8.986151348157801755e-02
1.361307342848313562e-01
1.328543267889912838e-01
1.708279732786614491e-01
8.343978446559802142e-02
4.759198840887188253e-02
1.853982822478934533e-01
1.171649729520655991e-01
1.851220151285062065e-01
1.558863178924262405e-01
3.558874091438404136e-02
1.007252361896574661e-01
7.224805545236874516e-02
1.065992565057752167e-01
1.192020735739656168e-01
1.620043146034434445e-01
8.420852718513108237e-02
1.065238501672667176e-01
1.259155392922098882e-01
1.580798341446646715e-01
7.324000669882534120e-02
1.205708134669241510e-01
1.190382586614178451e-01
1.419206275196142619e-01
3.739471279353540761e-02
9.536082360341410769e-02
1.166153083447012823e-01
1.949704938061381509e-01
7.309229407568600123e-02
2.218716195113804857e-01
7.427047853708515501e-02
8.251554694665474976e-02
8.464146977521957993e-02
1.049818334534687592e-01
9.181442389095272050e-02
2.121303788912072830e-01
1.945808499939694347e-01
7.823949300370572346e-02
5.901286018891892249e-02
1.822634241031584612e-01
1.730657973732639965e-01
1.616991700883095573e-01
1.444239487443084724e-01
1.775026719570555744e-01
2.265589208044565261e-01
4.593848191832566874e-02
3.410365376170036711e-02
1.309874197828197750e-01
1.230532617040855370e-01
4.093851062170772437e-02
9.012595071949988657e-02
1.062353505551646288e-01
1.340807280888177411e-01
1.156459731487414766e-01
3.181843124852893473e-02
6.249766912385566059e-02
1.936233445600592518e-01
4.525185627711256903e-02
1.033059948617436191e-01
4.733230541791121765e-02
1.212436065968178905e-01
1.272231784719277947e-01
1.516430223700281910e-01
8.939017254334268026e-02
2.315517146997548292e-01
1.315715878188228605e-01
8.821787105066207502e-02
1.391836693739944841e-01
1.656718865853357703e-01
3.639219893283032053e-02
2.164112471703807938e-01
1.447413603843151209e-01
8.398482072870806781e-02
7.147795228900234721e-02
7.050589197671731923e-02
9.695426954757097038e-02
1.887375989391904263e-01
1.799897562296713938e-01
2.124251476059366983e-01
1.563786198055940879e-01
1.341020217621513855e-01
9.184046021823583095e-02
5.206843256647351176e-02
1.045251796238733794e-01
2.279188542876448564e-01
1.775537231824191597e-01
2.203013332168509142e-01
1.401772954091711765e-01
1.208196867192949664e-01
1.630080091018772659e-01
3.285190609347417995e-02
2.074618401103260276e-02
2.613381641127883806e-02
1.348313605448535624e-01
1.725988824758188378e-01
3.396141998091534164e-02
1.378437961145518309e-01
1.165228465748772285e-01
1.288548740706117468e-01
1.643809712356075203e-01
4.159975074451917332e-02
1.523302644407881559e-02
1.421470587936829177e-01
7.871520120555837441e-02
1.195743732884899241e-01
9.862633582887163353e-02
1.136054923579748743e-01
1.456014105422317462e-01
4.708660200737762452e-02
5.068174731027150215e-02
1.531008917454558249e-01
7.856516175784172829e-02
1.263777965524452152e-01
7.775549646602394893e-02
1.212387261907097030e-01
6.618278019190498851e-02
5.835138284359674826e-02
1.385397537553349212e-01
1.014298681539897579e-01
