9.296847876698056956e-02
1.819129169709345628e-01
1.585100918634681499e-01
3.153169784066620768e-02
5.050646528950432368e-02
8.880503792966265575e-02
6.265044404171590808e-02
1.456602143748994271e-01
1.123830520374592135e-01
1.340846115432315633e-01
5.853669478489759159e-02
3.560330554190387770e-02
1.353468235662159125e-01
1.120433123115275459e-01
4.867863141101012869e-02
1.609091711805241479e-02
1.038242797154188407e-01
8.425358287538595170e-02
1.953060513473331705e-01
1.557223312652591118e-01
1.842060200747230037e-01
1.511807189209245506e-01
8.783926834400732075e-02
3.588731465071191146e-02
1.248138966581203158e-01
1.779849047997346945e-01
4.780913055938609130e-02
1.289049473101851473e-01
8.800070361535906882e-02
1.130986913969374702e-01
7.347832556166593310e-02
1.152155752916341758e-01
1.041008204896678863e-01
1.124006842850316656e-01
6.173877513699819325e-02
2.119007968245593954e-01
1.007988957657062340e-01
4.951763972668875996e-02
1.752132260886759552e-01
8.693130729402158419e-02
1.076086068982211597e-01
1.238202365821905737e-01
1.918201883778231087e-01
1.190213291424233738e-01
1.001817107131396656e-01
1.085514402724926941e-01
9.354285515697555176e-02
1.230638881749776259e-01
1.501098846789044594e-01
1.783391866667160819e-01
1.082157193412914692e-01
1.479925851042909191e-01
9.990829932768360844e-02
1.063095675256886807e-01
1.826891934599708112e-01
2.208985161508488781e-01
2.382094202057485899e-02
9.324553341586459820e-02
1.434037494419594383e-01
6.935861647829762167e-02
8.990260750280366919e-02
1.722208699085915895e-01
1.058956917272231985e-01
1.424665216220303600e-02
1.568074000845505467e-01
8.756092191625294840e-02
5.780403755805137156e-02
6.132379479658668642e-02
7.206510171796257080e-02
8.575587692962650943e-02
2.347982036081730853e-02
1.835875353598987458e-01
1.195887314511802912e-01
8.937542514121991910e-02
1.171542890051108787e-01
4.898133639180281967e-02
1.716992938664863577e-01
2.236889714926248163e-01
1.300855937573237309e-01
2.003727264433518007e-01
9.638780754973157172e-02
9.016150851979905234e-02
1.352950738451298152e-01
1.314555343907275464e-01
1.700608504543661970e-01
8.273883788500339953e-02
4.744141896221734656e-02
1.849009498548023767e-01
1.157512414808621742e-01
1.838880597039246056e-01
1.549797447157491570e-01
3.394889719149299379e-02
9.993935646488884272e-02
7.188598289917488837e-02
1.057254969565830649e-01
1.176537609016745645e-01
1.606819266473755725e-01
8.344268536890747656e-02
1.053354462192811480e-01
1.248292414241022052e-01
1.574872325198354295e-01
7.175829632700964078e-02
1.193736110446710491e-01
1.175326832446463576e-01
1.414019841044503456e-01
3.582121095788345921e-02
9.448346445743330269e-02
1.151475910972461908e-01
1.934771087126844757e-01
7.166492294056621415e-02
2.203399305553894183e-01
7.287254863242877134e-02
8.117838955824999148e-02
8.403225182684478933e-02
1.036910369071490368e-01
9.078999684426028449e-02
2.112806522861687963e-01
1.932625539491865108e-01
7.779303183915879660e-02
5.744352885462433028e-02
1.808294441586613399e-01
1.717253859026548479e-01
1.603918708958106398e-01
1.428488747671659564e-01
1.768067166313004590e-01
2.257882423049121234e-01
4.516752521934182252e-02
3.409055740203084661e-02
1.296028220080934767e-01
1.217249576630701907e-01
4.015624054629503281e-02
8.888095756317682117e-02
1.047257723798023094e-01
1.334719760094813801e-01
1.147160106845691863e-01
3.072538580354370122e-02
6.195031725972681425e-02
1.925565812631864215e-01
4.421058148629877088e-02
1.027305351694067087e-01
4.602588969399126068e-02
1.201708174535854462e-01
1.261977934954903735e-01
1.509077699095041358e-01
8.790944374329140443e-02
2.300148272821623818e-01
1.300528084846609977e-01
8.744366549764294450e-02
1.377773374584167210e-01
1.642219686177773530e-01
3.606931539033274986e-02
2.149420459034492026e-01
1.433947971897633344e-01
8.309287768840707689e-02
7.043364318811025371e-02
7.075865398454277144e-02
9.617967128662296972e-02
1.878589641186034498e-01
1.791511029694398127e-01
2.109089358677195269e-01
1.553063572927434188e-01
1.334692057966592460e-01
9.162812689508315067e-02
5.113262667971894826e-02
1.035536740651616661e-01
2.264105100359865841e-01
1.771057561242808664e-01
2.194573263390437456e-01
1.385372935639490044e-01
1.197329371279050175e-01
1.623842813635417992e-01
3.271665199221583664e-02
2.011509116713778092e-02
2.493436706560371932e-02
1.336460993682582477e-01
1.713417345796512115e-01
3.257372078173012553e-02
1.373128316031966278e-01
1.161948093516162878e-01
1.286341072000444230e-01
1.634519813981681335e-01
4.050660039478354985e-02
1.478588973878534885e-02
1.418333165857972866e-01
7.903612656490020816e-02
1.183831063640728432e-01
9.765945450953013307e-02
1.120756685795579743e-01
1.448244643449044522e-01
4.616074825792838843e-02
5.045795032427811272e-02
1.520998401408508727e-01
7.740170354199918390e-02
1.254598734195979948e-01
7.693775248730359839e-02
1.198107126749484302e-01
6.542925398617809030e-02
5.821413183575751410e-02
1.380834207195235641e-01
9.985705482780317388e-02
