8.293922187439020655e-02
1.733322459420208184e-01
1.164459809226317394e-01
1.566747287391859894e-02
2.504473127656451845e-02
9.405825276986908012e-02
3.448646257619424060e-02
1.128422796579254261e-01
7.624777141224733934e-02
1.195231613394049097e-01
3.665431428400421632e-02
5.074921326908270192e-02
1.008928760942615493e-01
1.246938368331251545e-01
8.139071332068477382e-02
3.000582586576122646e-02
1.245652215803801782e-01
1.012408879263468342e-01
1.569757658574527093e-01
1.281196007606681120e-01
1.595755831353763698e-01
1.169137293374035574e-01
8.338923797101455149e-02
3.032588704337352281e-02
9.522057786615513442e-02
1.753938724434025154e-01
7.707554167250386945e-02
1.300343318754904609e-01
6.788483597363192956e-02
8.114334199634785916e-02
9.078263656492012446e-02
8.369384119953006407e-02
1.332147520000325769e-01
1.131522205162511646e-01
5.422146482444116511e-02
2.041430540993641463e-01
7.020566114675436120e-02
3.104741444363293482e-02
1.342082296111739015e-01
5.440561332004850703e-02
9.247076786987895591e-02
8.681356099989226416e-02
1.581337477489712373e-01
7.799991155837626700e-02
8.740639975303400588e-02
1.134964559893373998e-01
1.176242212704490392e-01
9.538769468344023006e-02
1.373670521150078816e-01
1.808705572514312521e-01
9.480383637006219166e-02
1.100948501840407490e-01
1.248595258088383980e-01
9.858111609371925099e-02
1.414298395818652521e-01
2.055318256310199598e-01
1.944507167693923511e-02
1.219206397121090774e-01
1.097525307073127371e-01
8.225751880105730551e-02
7.312815819606396928e-02
1.561187618111282149e-01
1.016052512883480335e-01
3.027059659408971523e-02
1.152150708964048004e-01
7.347940084043955156e-02
8.960254588254504271e-02
5.166351049769219578e-02
8.073226654048699935e-02
1.108683791246528050e-01
5.668681271036297986e-02
1.509986733117452407e-01
8.334427626620291574e-02
1.162996413600135004e-01
8.078761378052268238e-02
4.641516555587163473e-02
1.409822604781509059e-01
2.063952862408637567e-01
1.196835008956061708e-01
1.852999964073817341e-01
6.470327394807917631e-02
6.297462665272299254e-02
1.084937835283440732e-01
1.303033366691011830e-01
1.313108489664296663e-01
1.079077328917973783e-01
4.008854105518096927e-02
1.434623102992259036e-01
1.195682973391406639e-01
1.643436773341936941e-01
1.228155779867087100e-01
3.713264135819285133e-02
1.226368437463934979e-01
3.976300026971877483e-02
9.532244189603825135e-02
9.387517957128355128e-02
1.608624656649555729e-01
1.074959062139256016e-01
1.012122746322888234e-01
1.152906561880242819e-01
1.221822417488157148e-01
4.840452094183202852e-02
1.208938466894862590e-01
1.062651220434283478e-01
1.079617256797472530e-01
4.608674235297401112e-02
5.791500924008024381e-02
1.197165756367898765e-01
1.884795387916338716e-01
8.509306597284102547e-02
2.128065423225472264e-01
4.388667487601366490e-02
8.341116390338050579e-02
4.218681191535859909e-02
7.798151667019537214e-02
1.152082625911555469e-01
1.733569767185721144e-01
1.801627130787208098e-01
3.840778056591920980e-02
4.463221157475062706e-02
1.841131097679112316e-01
1.734116832405980524e-01
1.679971297851036438e-01
1.423147568752204661e-01
1.388335119437949516e-01
1.850093826080559944e-01
6.696749883960433081e-02
2.162286053374517028e-02
1.050826686597447213e-01
1.106314929570135080e-01
6.861485274955816949e-02
5.205005813244805574e-02
1.058764360414258948e-01
1.028452010713807735e-01
9.338742662877347334e-02
5.288457315667720315e-02
3.677631523295122468e-02
1.656398830603784678e-01
5.913076775411932329e-02
6.483816710333753508e-02
6.823655507993788005e-02
1.419102254935041552e-01
1.104937019657496328e-01
1.158593078837196755e-01
6.987320610888456129e-02
2.247068747019373702e-01
1.303594435958273512e-01
1.089383158980909150e-01
1.097952942922155312e-01
1.579594063366557555e-01
6.897417022398272257e-02
2.064664480462657381e-01
1.503019302993522932e-01
7.644262224667018601e-02
4.187625916467005438e-02
4.471821143472193977e-02
5.437772376927254431e-02
1.562179410758444131e-01
1.469278719776761222e-01
2.046204811437240811e-01
1.326783801017658859e-01
9.174078461708889964e-02
5.835499896225776473e-02
5.154586078383465580e-02
1.260249475276838116e-01
2.216669189966778697e-01
1.364079140732871176e-01
1.822437048788244918e-01
1.303126125397754409e-01
8.575384858560426704e-02
1.281487631531816052e-01
1.842147516144911068e-02
5.236557977865120145e-02
4.805452213208689927e-02
1.173266337750453053e-01
1.606319838352421869e-01
2.136806684918157034e-02
9.769174310128803107e-02
7.813235650524946729e-02
9.248454685761876848e-02
1.350248690088678982e-01
5.922941628698673300e-02
3.083221250301560953e-02
1.022052022035090935e-01
5.414723830708117330e-02
7.956923194778590946e-02
1.144148538505043999e-01
1.105096699604417865e-01
1.175829337013750003e-01
7.414577321022626510e-02
1.828100450051229134e-02
1.333825818852226730e-01
4.358599758700951871e-02
1.148747960957293007e-01
4.337490412971000547e-02
1.199440572662032606e-01
2.603171946646681140e-02
4.060906124259753419e-02
1.089261101166775630e-01
9.809154849407610011e-02
