5.708869728282766655e-03
nan
1.474838513817075362e-02
2.582590357043528916e-03
3.950962859160954757e-03
2.043525910011859820e-02
4.028162045490483838e-03
8.568227793312392648e-03
2.998288974146268420e-03
6.297163798260148673e-03
3.622694969355529093e-03
1.057787489609304972e-02
1.270552898766251666e-02
1.172211674016342478e-02
6.946290712222012199e-03
1.245618480715468893e-02
2.849890786134867682e-02
1.405843500895805412e-02
nan
3.361718674773776869e-03
1.128256662468699219e-02
3.874206871413102531e-03
2.026468052403894438e-02
1.955467641963000349e-03
2.281865872342193902e-02
8.404113981311552364e-03
nan
6.722006251762946416e-03
7.456605423831836645e-03
8.840247857498609307e-03
7.857646574863000333e-03
nan
8.984661520810529808e-03
8.440516207853902830e-03
6.410435594794963200e-03
5.004252129572614623e-03
4.995914080880886794e-03
6.586560841670112063e-03
1.410404855254640717e-02
2.686049222613456564e-03
1.846442773635489573e-02
6.896432833741333868e-03
1.581494743286900040e-02
8.129206748152859041e-03
1.303438443704713415e-02
7.544209297866735255e-03
1.056304481149568375e-02
5.322432972919025063e-03
5.735971595135468983e-03
1.343113763034476001e-02
9.786970095345057241e-03
4.292354675660367894e-03
7.394507540564312746e-03
2.362951984552574131e-02
1.552818013818469192e-02
6.613988991351810003e-03
2.950143179994622195e-03
4.310223642475163527e-03
1.233838307427531471e-02
1.307238396828798790e-02
2.688194243855386925e-03
1.424441137082690066e-02
1.534246289597819037e-02
4.920169365330439790e-03
1.086472532605863364e-02
4.597830274277989009e-03
7.458438412020008783e-03
9.476293982609882566e-03
9.723133237228466161e-03
nan
7.192709790077420409e-03
5.870163341214232507e-03
9.112424665840139146e-03
1.636960769965422604e-03
1.683139372265188977e-02
8.450040304766624072e-03
4.161287388146054853e-03
1.302100405115479836e-02
5.838289095737891551e-03
9.154119924561290866e-03
1.270497804428050680e-02
1.376895226274168875e-02
5.836298422691556416e-03
1.246822927267323897e-02
1.617272560057387426e-02
2.703470985649353720e-03
6.574515235085382978e-03
2.943571245113509038e-02
1.650912816292731886e-02
1.426669667605115314e-02
7.126277386253578906e-03
5.334000987134298981e-03
4.210392152200384541e-03
9.809564323267778649e-03
4.304158119808580360e-03
1.485692618644826428e-02
1.351542447033162939e-02
1.734182966286507838e-02
1.562947654026076993e-02
1.351813482306956846e-03
3.635394174490092639e-03
9.931235551526163344e-03
9.034054951781960233e-03
1.005701568113424350e-02
4.428943311076953548e-03
1.307699254321126325e-02
7.029134223045610010e-03
9.143644108685556465e-03
5.970457518089646032e-03
1.911474443878095897e-02
5.998511619794613843e-03
6.166797130474382070e-03
8.123748954992777646e-03
1.085897436432319355e-02
9.144926798206196722e-03
9.739406161272647078e-03
nan
2.993687480609236087e-03
1.278542244026992930e-02
1.281150034430551810e-02
1.926961496648239847e-02
7.180271126473805610e-03
1.360716880754989436e-02
2.515454712010593841e-02
7.183259793418330166e-03
nan
1.007823742354120762e-02
4.004988548683527556e-03
1.162345399575474836e-02
7.745711113429800017e-03
6.700631110736808907e-03
6.043623024850179777e-03
1.789508549215460334e-02
2.635155037830651508e-03
1.007912053417843283e-02
6.433676169734869540e-03
2.016451315035010239e-02
nan
7.965189877205517549e-03
5.839786347480878728e-03
1.818325475906030055e-03
1.261741648077027191e-02
1.005669773751684520e-03
1.031608304912112750e-02
5.429226868399923689e-03
1.495265630431196445e-02
nan
5.973089806317733938e-03
1.931183338493613899e-02
7.950073151055784410e-03
1.520822297794599195e-02
nan
3.704762727784124098e-03
nan
5.467115137899518883e-03
6.817446702868016836e-03
1.406182905368789753e-02
5.355328074458483995e-03
5.208365981747919461e-03
nan
1.033464783193968270e-02
1.798358526858911607e-02
6.672320871808911334e-03
7.863815802355608731e-03
6.105887480972942843e-03
1.623761133488656194e-02
1.022868445776787573e-02
nan
1.730290817122991792e-02
1.820426250189106920e-02
4.533704169961287611e-03
7.709034830753189356e-03
6.367657877924048221e-03
3.549008729142433694e-03
1.941237885407017666e-02
1.243286323642383770e-02
1.041335396324506550e-02
1.126381499092597369e-02
6.539232574209200878e-03
3.804971449409280063e-03
6.958670991106543323e-03
6.382412494668633814e-03
5.560781694598914728e-03
5.487301700366493083e-03
1.216688773346774957e-02
4.285774403751289353e-03
5.039528639306060931e-03
1.554527581407105959e-02
4.630046741748918004e-03
2.121058032612351506e-03
9.789869394953128884e-03
3.820689551263296672e-03
8.891588623114954348e-03
6.638162035671088014e-03
5.243747395232774451e-03
1.524370964418000560e-02
9.978100767373009050e-03
6.807225698693622137e-03
1.228975062544116793e-02
1.539911395500337746e-02
