5.511850657607037830e-03
nan
1.496639487673809797e-02
2.976112192017652154e-03
8.325010374191400830e-03
2.101464648057798854e-02
4.040062771541633180e-03
5.846520866731786184e-03
3.171325289903621954e-03
6.495007968528349225e-03
3.647157707401902944e-03
1.052938875063459852e-02
1.273878664957453673e-02
nan
7.288953075187830713e-03
1.406974971048004751e-02
1.664627285565447451e-02
1.004517573124592486e-02
8.939594907740721491e-03
3.337801002924955032e-03
1.121804877399542981e-02
3.871933277099479792e-03
1.982690074331493538e-02
2.259643100381991329e-03
2.329206518115005398e-02
1.301653584489166279e-02
1.480536826503349272e-02
6.626229945469156932e-03
7.467217814617132382e-03
8.797580593456049217e-03
nan
4.125775253028066310e-03
9.542705006715036797e-03
8.477279874346014751e-03
2.275350492688924149e-03
7.283316163848299260e-03
4.859123425984216565e-03
6.429003560997065617e-03
1.365486327709422402e-02
2.881032109011985587e-03
1.853676209393380347e-02
6.928177472864649120e-03
1.575957551783287863e-02
8.088898379158283511e-03
1.310950326904977356e-02
8.116158167852834115e-03
1.049241596349170628e-02
5.030076956133708310e-03
6.098814161196262212e-03
1.561682511883781023e-02
3.679493481415725253e-03
4.164888219933211670e-03
9.221386130795731703e-03
1.087745157555430539e-02
1.535756639979427018e-02
6.625243638389640907e-03
3.032884436190238023e-03
9.753265100849638214e-03
1.245349772599802125e-02
9.021926713717296625e-03
3.495007509351893624e-03
1.400385867225990497e-02
4.488425734547758436e-03
4.803910106948132419e-03
1.135452418124818612e-02
4.672732292917175512e-03
4.741852936188281804e-03
9.498318486230143340e-03
9.754867990988310908e-03
1.090875569695980325e-02
1.824451064387001137e-02
5.727008027325307393e-03
2.937208234343478830e-03
4.824812753801846835e-03
1.185450977625235672e-02
8.417206159181921110e-03
4.108109987306552031e-03
1.309141251766006084e-02
5.812576096145763080e-03
9.455398966354635476e-03
1.282130163661743781e-02
1.577912222567788222e-02
5.381492366251094429e-03
1.934643643999237050e-02
2.105358150547438634e-02
2.728491960589224039e-03
6.237263416059181734e-03
2.940333492895741418e-02
1.359167519842502739e-02
1.218040148296294263e-02
6.950381246125347801e-03
7.599357887599926011e-03
4.191627185518877891e-03
6.449330428537080467e-03
4.212360699905803516e-03
7.168899101395754918e-03
8.902708841820703919e-03
nan
1.025105969281462498e-02
1.264357415936388654e-03
3.691740585631831436e-03
9.808859181715813905e-03
8.620831748375610420e-03
9.889765137834183317e-03
4.311830967015943018e-03
1.306657671350414454e-02
6.970818293419786885e-03
9.135409253149219186e-03
1.028128604725734793e-02
1.958742754087345814e-02
4.727893599386804452e-03
6.101180526132823391e-03
8.275617164420916855e-03
1.099183341719978634e-02
1.158318700920463185e-02
9.681919605203870294e-03
nan
3.034348122702377852e-03
1.239946315654690337e-02
1.281485463282873265e-02
nan
1.393189206678841982e-02
nan
2.983883370540444530e-02
6.880586308648605105e-03
nan
8.492406930832448533e-03
6.401347801748320451e-03
1.175161639432227914e-02
8.046266875977814426e-03
9.596446126969322005e-03
6.047795288693967944e-03
1.813005985679584653e-02
3.810961573088438980e-03
1.006480685122527162e-02
6.673873470823026705e-03
1.056134556756991444e-02
nan
8.132770485120070086e-03
5.761304785671049998e-03
1.895480106436895056e-03
1.258058804487610476e-02
1.772240293523699717e-03
9.679106547644577077e-03
5.514655758292977272e-03
1.456074283483479309e-02
nan
1.733914287783421470e-03
1.899525468904171566e-02
7.981770995899882537e-03
1.558953116391930370e-02
4.040182076084180424e-03
3.653214182986932578e-03
nan
5.669874856848291199e-03
6.360875049021861433e-03
1.411590914466561743e-02
5.395216434411245245e-03
5.022658066409834386e-03
nan
1.054909502414297373e-02
1.791410051211267396e-02
6.234362070367612148e-03
7.916448326044631806e-03
5.931164071867632559e-03
1.990485438663898085e-02
1.000759305674490604e-02
nan
1.973836647886055562e-02
1.823059131369141397e-02
4.475867161464679861e-03
7.370743438077924543e-03
7.008284083827113695e-03
3.802215312238973674e-03
1.333619767555970295e-02
1.230914984725207072e-02
8.409173596818171961e-03
1.125793016274231374e-02
6.186001715609338279e-03
3.954829489596748543e-03
6.895784467947887325e-03
6.442153187680009496e-03
5.048684495178000498e-03
5.341111373823328144e-03
1.121547823494485792e-02
4.272383792785734886e-03
nan
5.717469189136290160e-03
4.653576204392874567e-03
nan
1.240963068637625406e-02
2.521123299964077129e-03
8.859717831221339615e-03
6.590703668493774932e-03
5.259998316834128482e-03
1.234576360654350384e-02
1.024464760317926604e-02
6.752721000957566215e-03
1.246593626885314325e-02
9.983313627001560650e-03
