8.644837382808604961e-03
8.938161550228257077e-03
1.126314507300446577e-02
5.877532075738947648e-03
3.380178322294444780e-03
2.158509210928598321e-02
3.645445600617102690e-03
7.542567748317375101e-03
5.143583705614681451e-03
6.753639326250907883e-03
4.361600006769663154e-03
7.475297505048850502e-03
1.632854785103421413e-02
1.155923479614130028e-02
8.416312291261147591e-03
8.209968352241733824e-03
nan
1.405768189175946904e-02
3.632740928306429310e-03
3.766692097447288390e-03
1.104376671767575216e-02
3.924625456138092737e-03
7.745648140446649045e-03
7.256521485201933470e-03
7.787641217830295996e-03
5.259838644580937424e-03
nan
3.915403524684590506e-03
7.455556618075997836e-03
9.771688213186796937e-03
1.412775529822098315e-02
2.245729382510116591e-03
1.186137463452435065e-02
1.133459099767910282e-02
2.095742533604432172e-03
7.423711322687601838e-03
4.828512605616943829e-03
6.497003378758177926e-03
1.349053457269908975e-02
3.816471706815200218e-03
5.532021272769875077e-03
7.699739457980173465e-03
1.519711645629331399e-02
8.157595303306531057e-03
1.034991491501296990e-02
7.590265587891711560e-03
8.851448723997340853e-03
1.118583958770170495e-03
5.947287393420270206e-03
1.480174775781039655e-02
3.717884585457421551e-03
4.206147539778790599e-03
2.452467828140026448e-03
1.139748142558511673e-02
1.552424421759335781e-02
7.041144358808390166e-03
3.971443197530087621e-03
9.756446634475723911e-03
9.633235664403666174e-03
2.019218772676325060e-02
3.400771581250188087e-03
1.405994799313112741e-02
4.897527287073187748e-03
1.783760551585824011e-03
9.495713387740955039e-03
4.641591062033548036e-03
4.514245893998665958e-03
9.475008349289208709e-03
1.095865167466981288e-02
1.230981565273860101e-02
1.434551018847871756e-02
5.815409419667208653e-03
1.067990679781049808e-03
4.904225151641799715e-03
1.167228233999468776e-02
8.939591454050569916e-03
3.462049575682934945e-03
1.341535800889312631e-02
5.011906349753163063e-03
7.100767921825730349e-03
1.425851067648499851e-02
1.563306264723079986e-02
5.576327000509120370e-03
3.417783390109210753e-03
1.473041052870565845e-02
7.942356395665813723e-03
5.001794192917582461e-03
2.146878157727753408e-02
7.784153601812390105e-03
1.227949448990564053e-02
6.991707218187163432e-03
1.388225850005477338e-02
4.169457414419409924e-03
6.417846891639272452e-03
3.798116059656245040e-03
3.073736483531055129e-03
nan
nan
1.008893902880020690e-02
1.264430883687757282e-03
3.661557421123613158e-03
9.660130904971789625e-03
4.319035547055078035e-03
4.577622537937769791e-03
4.718595297175662458e-03
8.223949123928596047e-03
7.008028244965552531e-03
8.821343421448088820e-03
1.027715225176364759e-02
1.581784363146992653e-02
1.671648347532895228e-03
5.886497044302762931e-03
8.231318164748587657e-03
8.983790320023466239e-03
1.155294289228462820e-02
2.737269176217940921e-03
nan
3.370844376874718509e-03
8.751015035335457659e-03
1.275125310630291324e-02
nan
1.422977030479991023e-02
1.238833005192149263e-02
3.509448250344815445e-02
6.974192294110165627e-03
nan
8.435375989061090138e-03
6.391937582458971992e-03
1.393447818231361400e-02
8.491458794043031319e-03
7.125856287211387342e-03
6.035406015724809579e-03
3.031038523691493604e-03
1.965931688673243621e-03
1.102945174399958331e-02
6.591709533993563193e-03
1.175143251547637949e-02
nan
8.080144615951875484e-03
5.999258991883194871e-03
1.875456045515501479e-03
1.371366992730717674e-02
6.577630249036969974e-03
1.027606656389542725e-02
5.769777364455516352e-03
1.452011318592333691e-02
nan
5.422353957090378720e-03
1.404793837341153893e-02
4.399099913314360837e-03
1.566605658106403134e-02
3.436006003062498735e-03
nan
5.508339288008643093e-03
5.101076597417009487e-03
9.228519781823346646e-03
1.409112999894241575e-02
5.444368751138546972e-03
4.926850294124822567e-03
nan
1.018516569832654713e-02
1.800704843579279540e-02
6.528818348899965811e-03
7.905957680268853316e-03
5.885933068691831180e-03
1.987846351974443052e-02
1.055388550844202529e-02
nan
8.964192685846104902e-03
1.252740995343087221e-02
3.909461103558418277e-03
4.866352797503506813e-03
6.688666013525543762e-03
4.005647619543579833e-03
1.109054853434124875e-02
6.009619940920037963e-03
3.052829491875310407e-03
1.113564140179427488e-02
7.286357069703798539e-03
3.056672283726559469e-03
6.977179876853661748e-03
4.489488537329749951e-03
5.991389453803471973e-03
5.367500348461284876e-03
1.241223536112164363e-02
4.353867113264305033e-03
5.038364051570948070e-03
4.155656415947532253e-03
2.409319421392149951e-03
5.017099497412917837e-03
4.535423343684457861e-03
2.846088419464735172e-03
8.810108539909058956e-03
5.871508105953722467e-03
5.839060194497479837e-03
9.935901305270019787e-03
1.019961174721568595e-02
7.101574885546733419e-03
1.605457490901636072e-02
4.426840651164403243e-03
