1.186353997796261821e-02
nan
1.689953685706405140e-02
7.083442971541937735e-03
3.395063443862481739e-03
1.791220234673903192e-02
2.246904514273236932e-03
7.485305953423382168e-03
2.952860774087402978e-03
6.985476894119961241e-03
3.941715035307493190e-03
7.216731921613153515e-03
1.611500245084974275e-02
1.169370766192885658e-02
8.333915030630132878e-03
9.718989308156684992e-03
1.127023156250649312e-02
5.101922983782979613e-03
3.747727487603118215e-03
3.027268827167342493e-03
nan
3.895136196277051033e-03
8.135545656271210221e-03
7.314080800372530118e-03
6.267007174820208443e-03
6.861390411734509531e-03
1.298955710463251152e-02
nan
7.469443492799818403e-03
1.132642401857359218e-02
2.003296602255329878e-02
2.270009085282896546e-03
1.182344912324659846e-02
1.080947357994928824e-02
2.174503293962915581e-03
1.555585834742852398e-02
1.237293875858916630e-03
2.141570210924488571e-03
1.350715712489185955e-02
3.908657900561341055e-03
6.086565878657951463e-03
5.376608618255882856e-03
1.530258902877831492e-02
8.083145177508738524e-03
1.011245892864755073e-02
9.149857943526200701e-03
1.498851177881855429e-02
2.662757917547055667e-03
6.250674074456233180e-03
1.492403893574840296e-02
3.009291220358368581e-03
4.206147539778790599e-03
3.127968285939284037e-03
1.103212959238204956e-02
7.182952625603798193e-03
7.006924801283292634e-03
4.186239814032525867e-03
9.710983057043634861e-03
1.296614893742326427e-02
1.444483862549823111e-02
2.895208460069617629e-03
nan
4.840086956617476593e-03
2.599054284098783509e-03
9.514636104344555492e-03
5.183404371071072270e-03
4.326765038247413694e-03
5.634172312319702877e-03
6.950966823595563539e-03
7.821221006404975237e-03
1.408775965053083758e-02
5.815409419667208653e-03
3.026504489696379974e-03
5.042481870492538862e-03
1.174482556533396754e-02
6.422790922841933349e-03
3.895012981997009096e-03
1.209988366131843109e-02
5.040196170753813258e-03
9.254956540919179186e-03
1.445908653304596968e-02
1.467336017800162720e-02
5.716427465604057533e-03
5.012873168687366314e-03
1.148053865641914667e-02
7.677258469815673517e-03
4.816928030760095694e-03
1.276246021097375560e-02
7.669052465491443121e-03
5.569408379345879012e-03
6.997987336948685751e-03
1.397178071533510153e-02
5.650785169565714951e-03
6.484046957834211505e-03
5.640213178278154216e-03
3.014976458389749276e-03
3.577092074234391669e-03
1.147914141285335740e-02
5.407200379580351553e-03
1.345857267603557368e-03
4.204962482179417510e-03
1.012283808624710700e-02
5.412141312537311656e-03
1.141651393134305095e-02
4.545327492933148340e-03
1.293977931163159054e-02
6.318999491324384446e-03
8.842976849344909296e-03
1.028214693590715108e-02
1.580162666251374443e-02
3.788474219623040682e-03
6.175571417693428815e-03
1.154533771361023441e-02
5.967019006797695709e-03
1.037561030717806983e-02
2.766943263860128632e-03
nan
4.363091896533530939e-03
8.945615476251202181e-03
1.281326923202641931e-02
nan
9.670365414632942774e-03
9.909361697716572229e-03
3.501505929419156116e-02
8.279129945061242460e-03
nan
7.620542683005073620e-03
5.110394551941956423e-03
1.397827887729426004e-02
6.849498745722118476e-03
1.036169075213334498e-02
6.047324496217727254e-03
3.091314692175579394e-03
2.623569284461963174e-03
1.177800874666942200e-02
6.696406497423416058e-03
1.180074828967427741e-02
nan
6.866555918351123326e-03
5.854058396681155463e-03
2.046692310145259430e-03
1.710757170187300613e-02
5.929725608851016752e-03
8.727074703942192327e-03
5.591655701187193440e-03
1.476701902718635662e-02
nan
5.464883962805043398e-03
1.154716492275137917e-02
1.737947348135065323e-02
1.524780178507951535e-02
nan
nan
5.259254761658846769e-03
5.027866948339697328e-03
7.887231105923276850e-03
1.266959487829657019e-02
6.516064188373965095e-03
2.301349896911468983e-03
nan
9.577388093777824962e-03
1.558401707678010520e-02
6.600518956025490207e-03
7.728237403946008367e-03
6.004724862643696405e-03
8.755165451101757160e-03
5.248163007669062567e-03
nan
1.134179933616529835e-02
1.258959531081231369e-02
3.294068068413512958e-03
4.370602553791287474e-03
8.735039951571134387e-03
4.106711682538031170e-03
nan
6.047229804542821573e-03
7.022143774704957091e-03
1.100677855254971263e-02
7.315938082338227511e-03
3.056672283726559469e-03
6.669795545356905532e-03
4.171289616148089914e-03
4.656982722065613513e-03
5.397560939662052193e-03
1.266104311631711769e-02
4.431931672962372525e-03
5.030436888383831018e-03
3.812714780775744439e-03
2.516401350695665791e-03
2.445182984827914269e-03
5.077988332545822769e-03
2.849973526739992772e-03
9.141315517126224338e-03
6.857968578204904839e-03
5.767869496325668185e-03
9.955546334473392572e-03
9.403012711615890001e-03
3.605871828291193956e-03
1.502543112175355570e-02
9.287289953817692151e-03
