1.532297285292808647e-02
1.551590663254917395e-02
6.733551386623168322e-02
4.055092763074943929e-02
3.860827121595274830e-02
3.778648543849602581e-02
4.512765625893182947e-02
2.485232117539374480e-02
7.209136436969248996e-02
1.975242132470700351e-02
4.476100140299604097e-02
1.406387914088676541e-02
1.290797708404257081e-02
5.258726042336334811e-02
4.866501741786846691e-02
2.998018320534216394e-02
1.612704143200992604e-02
1.337702392963768284e-02
4.598252744321010277e-02
1.845749098969367424e-02
2.301822943113823045e-02
3.968276126063752067e-03
3.813365536304939851e-02
3.802318661879208056e-02
2.285527151259079265e-02
7.949577753779362918e-03
3.598096353200569419e-02
3.235496694654548672e-02
7.470882465757361368e-03
1.622860361536844487e-02
1.200784793636338818e-02
7.854910455551564197e-02
2.945412995949490617e-02
nan
3.318510303687342844e-02
9.904663656176196027e-03
2.136388135447898212e-02
5.107954464470015887e-02
4.567672692264708456e-02
4.999108740251492072e-02
1.557801415362912272e-02
3.469196410731754249e-02
1.564091182207588346e-02
3.706015571454737700e-02
1.243592976219118004e-02
4.111365790832523931e-02
8.563690993026109796e-03
2.702818691906517731e-02
3.320529823920115309e-02
nan
2.598074894852383382e-02
6.212707974425896867e-02
1.367838147227449543e-02
1.315368862074518981e-02
7.302943116138391200e-02
nan
3.307446147344596243e-02
3.543857154773422807e-02
1.589675559603350233e-02
2.785344926438079044e-02
2.904058501139431328e-02
2.576649510858538758e-02
3.213170778465428840e-02
3.593587323871153677e-02
5.820183504068478231e-02
4.232619080241242435e-03
3.087718131515199485e-02
9.495412057612354073e-03
9.267842573211365620e-03
2.106282243117885145e-02
3.856057914958295474e-02
5.599065469617013971e-03
8.193753596242921156e-02
2.795903893867284287e-02
2.326411171222526539e-02
1.407764334708550523e-02
2.445825646129336575e-02
6.384506673622949990e-02
3.979120995916227144e-02
4.899853156260797898e-02
1.259810796314400801e-02
6.489873206813427664e-02
2.068087245770575122e-02
1.339205584543027260e-02
2.330092377758841496e-02
nan
3.761426566869716798e-02
8.176014544201079537e-02
3.838000251552197567e-02
2.325424691246852707e-02
8.390642440681217451e-03
1.241853551680452937e-02
4.748273667597061737e-02
3.357254880123563406e-02
3.649395648729688441e-02
2.942489848309243899e-02
1.017075379734565764e-02
2.854697823203665441e-02
4.758638077808652334e-02
3.547697588313991623e-02
3.315985884077726070e-02
2.792699770832330827e-02
2.473906838850689280e-02
1.301647506246712133e-02
3.183920809022670190e-02
1.645566942519241863e-02
7.012767371721025968e-03
8.949697736103575177e-03
7.392671948616699913e-03
1.646937124522441717e-02
1.079073064055949271e-02
2.171392813004052735e-02
1.118491094068135502e-02
3.071053966906277244e-02
9.540224929028841630e-03
nan
nan
5.101122584813633926e-02
3.819714234014934262e-02
1.334332916701969594e-02
nan
nan
nan
2.788400462727138804e-02
3.281670847666783714e-02
7.654154921743058781e-02
3.419584878548059120e-02
4.583862509971307203e-02
1.181195905985746482e-02
2.090475844230708924e-02
2.677828786357728738e-02
2.583372443742647934e-02
1.812977852833770956e-02
2.355725019107561199e-02
2.412288961804187615e-02
3.055300286686924924e-02
2.426776269627110502e-02
nan
1.752544251578793538e-02
1.828489713766453043e-02
1.736664388976008611e-02
1.240313317088470070e-02
2.455639115098065192e-02
2.153285357050814183e-02
5.584229448937873437e-03
1.666401510149029264e-02
1.004303736199513818e-02
4.523192675077674502e-02
1.915745954709859381e-02
9.864865538751909843e-03
3.685518255792370745e-02
1.531516764265907458e-02
2.954658057062497026e-02
2.871729263276373914e-02
5.245516366890873132e-03
5.267873817021435229e-02
2.847757336784614152e-02
nan
2.466506089247719885e-02
1.672134301771298348e-02
1.741973194168666347e-02
7.394156928182391009e-02
6.356950866327185090e-02
1.805796827909888699e-02
2.613674111864430771e-02
nan
7.159872817835796766e-02
nan
2.431529187614113810e-02
2.647152146455376831e-02
3.505882106709515972e-02
4.277635664242784852e-02
2.947952824142413900e-02
1.866015288552137080e-02
1.751815187376478192e-02
3.265803235556077877e-02
2.051801885972320827e-02
4.300697423990751389e-02
4.114843983721258591e-02
4.901398904332332496e-02
1.658621562023515281e-02
1.690521478703189626e-02
4.015487455316254367e-02
6.826879643581593160e-02
5.814816406670474114e-02
4.637976312734103795e-02
nan
3.840021466304176234e-02
1.903114584960619374e-02
2.115995251239365799e-02
3.460374278297653067e-02
3.248501145913310767e-02
9.598572350018156479e-03
3.994117883365177341e-02
1.022561291303293769e-02
4.231299061719458188e-02
9.064456307152024550e-03
4.910920218956354999e-02
3.690533554035421715e-02
2.524160363873202348e-02
