6.108004808654472588e-03
1.274015736173597993e-02
1.518810455657411233e-02
2.518095565762492119e-03
5.123358805730458647e-03
2.401688582486372070e-02
4.019978400697484314e-03
6.457528578551230934e-03
2.855378801085217688e-03
6.874785581376200230e-03
3.428474879855965361e-03
1.145966388319707985e-02
1.269216224044867995e-02
nan
1.290462520086028096e-02
1.175374373725856028e-02
1.659212277042082864e-02
1.335471705227060137e-02
1.344981220916236300e-02
3.287089827385659534e-03
nan
3.874206871413102531e-03
2.026468052403894438e-02
1.955467641963000349e-03
2.290938540650885522e-02
8.410172704719762193e-03
nan
6.621690199925102036e-03
7.510459386579381932e-03
7.192869342378665522e-03
7.845460066844184982e-03
3.719003310050874450e-02
8.979915086982155625e-03
8.440516207853902830e-03
6.410435594794963200e-03
5.337383460080908498e-03
5.810320219623829434e-03
2.023717334250023023e-03
1.410404855254640717e-02
3.452325195831668168e-03
1.842994661537097553e-02
6.896432833741333868e-03
1.576627175111184123e-02
8.129206748152859041e-03
1.307534780676142261e-02
9.888125741425569590e-03
9.377965336846245600e-03
6.994797389942498077e-03
5.506275822213329250e-03
1.343113763034476001e-02
9.786970095345057241e-03
4.292354675660367894e-03
7.332579843236829847e-03
2.360805673385570069e-02
1.516110367491406430e-02
7.782116869701189918e-03
1.177616495595373326e-02
4.047051152384265223e-03
1.233838307427531471e-02
1.134499700300524265e-02
3.404618852416510522e-03
2.572955124651239711e-02
2.010189406628753658e-02
4.856311896574681125e-03
1.115139855970869592e-02
4.605037705880355228e-03
5.118046352763369958e-03
9.476293982609882566e-03
9.473778318013553398e-03
1.845195777626423492e-02
2.105664808528820778e-02
5.772583702203798982e-03
9.997803882901681871e-03
1.625718275083806166e-03
1.692190711777700335e-02
8.764954197490040094e-03
7.538393632147918216e-03
2.365861716139160825e-02
5.478179833526421183e-03
1.709335721581232634e-02
1.291129534900369545e-02
1.461448738827304111e-02
5.506035643855126602e-03
1.239207895231772202e-02
1.571627899668756254e-02
2.870979871774405768e-03
6.368670005973913958e-03
2.947976467115921012e-02
2.475980548855329436e-02
1.442096204112003344e-02
7.289004758930280568e-03
1.248206964286060344e-02
4.189842259354673200e-03
1.163523613650395763e-02
4.292948531695305395e-03
1.525839097299364934e-02
1.331493717160194858e-02
2.291479153954060696e-02
1.644849326759486793e-02
1.212199892053562053e-03
3.674060737041876142e-03
nan
nan
1.331527032871568546e-02
4.495247317486045224e-03
1.582956349398692217e-02
7.082953612752794156e-03
9.154714873542484435e-03
5.931765647374107747e-03
1.453554429715084133e-02
6.518804316579899887e-03
5.978476050149453963e-03
8.732730045483576287e-03
1.098407928203763186e-02
9.229054809584791991e-03
5.967679610654088966e-03
nan
4.296389352707936059e-03
1.668811062647126281e-02
1.281485463282873265e-02
1.912190309000629321e-02
7.284792674723014443e-03
1.258730780823604997e-02
2.501361321900406887e-02
7.717613647615411722e-03
nan
nan
5.753954994887485255e-03
1.158362994995814840e-02
7.745711113429800017e-03
8.307749804738117846e-03
1.050100011653851660e-02
1.140977124062350113e-02
4.109056913244155465e-03
1.011933703776400455e-02
6.569635380892451144e-03
1.021179465831234534e-02
nan
7.838005442248880197e-03
6.035219845425364785e-03
2.031075024220994809e-03
1.256194658201348173e-02
7.193248498890826396e-03
1.030501162538525160e-02
5.522324639169347120e-03
1.450355658752233191e-02
8.904876405035832068e-03
6.015036181691636209e-03
1.939420096102290048e-02
8.662390913287279851e-03
1.805825060502597862e-02
3.294690039664949135e-03
3.688478181726313927e-03
6.817596116911782758e-03
5.015352626786007476e-03
7.397223921750330222e-03
1.292505169227181963e-02
5.638373342011040491e-03
5.176992700991024828e-03
nan
1.039511856050608432e-02
1.798358526858911607e-02
6.337546396199718324e-03
1.638734058472540375e-02
6.065859392806143349e-03
1.624698206914435700e-02
9.892057722620807916e-03
nan
1.735651075186485023e-02
1.822348076455166874e-02
7.073553481358871818e-03
8.500625544796091421e-03
7.731575558161922143e-03
5.175108650722450195e-03
1.910869306536166351e-02
1.267657946832130393e-02
1.473889239573730574e-02
1.137063171774502050e-02
7.073461721026202791e-03
3.940470156635405771e-03
6.339060473899515644e-03
4.225353995019453385e-03
6.057966580507842883e-03
5.486958246387720235e-03
1.095574933239067301e-02
2.226976685845803369e-02
4.723484063847342360e-03
2.064511436947077949e-02
3.521425961518025258e-03
nan
1.339802459870797526e-02
3.852211931940351629e-03
8.785433061087180931e-03
6.521945205479691768e-03
5.743107261548452067e-03
2.930289851948666979e-02
1.022426167310656539e-02
9.607960472905678617e-03
1.251269104980764699e-02
1.989289691922846090e-02
