1.707327188616286975e-02
4.354827983991621521e-02
9.115811965919826121e-02
4.083092093729164679e-02
5.082054543775954558e-02
4.820766502397241804e-02
5.777741930859180836e-02
6.210311490979959076e-02
7.536909632896218736e-02
1.970399613693267840e-02
4.474900884944846974e-02
3.388292271784376641e-02
6.279599259783059939e-02
5.710265076562676817e-02
5.169096727632162269e-02
3.032303772453811760e-02
5.890832211712183214e-02
2.908747863937676328e-02
1.131792080991711885e-01
5.499824990325018897e-02
5.771451647621512332e-02
5.062732933838324373e-02
3.818629224652849569e-02
3.796747469476403208e-02
2.227377898634069417e-02
2.176744848255805082e-02
4.922102006796400669e-02
3.325719391432464117e-02
8.362918411655319642e-03
4.794708703627006269e-02
2.959820561505190420e-02
7.864005750189760613e-02
7.417538119522643081e-02
1.402579412878904308e-02
3.320090025246877352e-02
4.610558442455789385e-02
4.378614074261397843e-02
5.102375308615354765e-02
1.006378661171722921e-01
5.558755625534547717e-02
1.552886448998911685e-02
6.067930292303793521e-02
8.841265795782903003e-02
5.005207648010055743e-02
1.225921977608798209e-02
4.118434384478565635e-02
5.363806128755321811e-02
4.877375717648668729e-02
3.633153111411028396e-02
4.787461045395231818e-02
2.595710810922276582e-02
8.681072112229500093e-02
5.741800028840170905e-02
1.315169008504521800e-02
1.144729023215658587e-01
8.855033297223575961e-02
3.868853074365167372e-02
nan
5.485985165278976089e-02
3.450199981522430320e-02
2.911129219374926705e-02
4.393311146597399935e-02
3.320279720141927626e-02
4.420587252757598312e-02
8.812452410378129875e-02
4.277000147536400183e-03
5.327520433079575152e-02
1.273776309557494470e-02
1.955334108056715203e-02
5.238879077050961203e-02
5.793391839704557789e-02
7.763504749337658828e-02
8.479861165509255949e-02
5.161272848013904319e-02
3.769469518229445759e-02
1.416940181251318508e-02
7.186604892391922073e-02
8.966958166039304401e-02
4.637442058568403552e-02
7.033224943940723228e-02
1.740996761797379555e-02
7.335797641186779516e-02
4.414561085824833531e-02
1.308234640461014911e-02
9.524710668639507771e-02
4.812056861431766863e-02
5.008567124872383841e-02
1.186161674226795110e-01
4.165687472591660112e-02
5.000593061113438320e-02
5.444689115783702543e-02
1.246584646745127652e-02
5.329521340273434687e-02
3.432011159030168290e-02
3.889771998267524400e-02
2.942331861738881060e-02
3.722191833998602511e-02
5.204970605605346162e-02
4.751671749375383641e-02
3.580351985044941815e-02
8.822686499672958982e-02
2.793531193010119484e-02
4.118920612721595903e-02
1.299866834340801178e-02
7.628777366386803316e-02
1.874637924611134016e-02
1.728069252054093008e-02
9.726506753008392833e-03
3.027273038195524291e-02
1.777740102533516275e-02
4.978435314156019059e-02
2.163905671292873020e-02
1.194826602097601685e-02
3.391886811485121667e-02
1.126706325141573449e-02
4.903451075338290110e-02
1.256328534303813305e-01
6.643674495135301616e-02
4.631794025853287061e-02
1.274921087762460013e-02
5.243113824073149243e-02
3.618393934415468222e-02
4.751377508749112660e-02
2.796430660669793622e-02
1.034256459173761578e-01
1.509616177138476401e-01
4.262088278101697214e-02
4.815916239293949186e-02
1.192670884665649085e-02
1.394672886350064797e-02
4.707000297892362933e-02
2.567473294802843226e-02
1.943678243431173902e-02
5.617156836378953827e-02
2.652315846703845112e-02
3.139586691215373593e-02
3.263194175822593801e-02
7.063509642300734581e-02
3.518387455916188733e-02
3.576572818651249652e-02
3.252099298945590466e-02
6.236229410855000793e-02
3.782056695234219806e-02
7.860154275973066373e-02
5.770632023969250561e-03
5.762242319640666771e-02
9.794290847245567741e-03
4.481652858085054258e-02
2.394541695119606003e-02
2.468997350489557374e-02
5.796449294246257961e-02
5.693150148487072931e-02
4.237101168064189710e-02
3.334629716492098356e-02
1.643484693062897614e-02
6.395084094203097591e-02
2.839836785233817995e-02
9.003230269217303572e-02
7.725134894286103671e-02
4.133721236676832916e-02
4.003920359689048386e-02
7.321830681061161639e-02
7.033118314669638271e-02
3.078356382977583822e-02
nan
5.681410356063315570e-02
1.103564589139320734e-01
1.302332632217294561e-01
2.454647116700035131e-02
3.211080619974571171e-02
8.228763675142811151e-02
4.774484696342613105e-02
4.706635184288773810e-02
3.760221942132800643e-02
2.475120115852467301e-02
5.359904405686698181e-02
1.939485371239484113e-02
6.810777949026466938e-02
5.862824787453879694e-02
7.220378708928026912e-02
6.402831642585257721e-02
3.756537056121606044e-02
3.996465819326994184e-02
8.340697603565555562e-02
6.772705092693065421e-02
4.595008235340616171e-02
4.121985836121759561e-02
3.742811702699684606e-02
5.472231754028915318e-02
4.908193493841045418e-02
4.503546460773562299e-02
4.591760699264563206e-02
1.017304802714198535e-02
4.907163077358654008e-02
1.375042529608430479e-02
4.657209932588086965e-02
2.093665211184629615e-02
4.892764772195672823e-02
6.790892504946864638e-02
2.581046396800144166e-02
