5.707131905518009370e-03
9.929219209618193875e-03
1.503078920366512396e-02
2.574703922583725796e-03
4.922071129069242358e-03
nan
4.141081027351430598e-03
6.269083750944463677e-03
3.141353172565455355e-03
6.919734193126361559e-03
3.435656639778193137e-03
9.682764493718598944e-03
1.322041838639322064e-02
2.142161128297644102e-02
1.642894408184138177e-02
1.183544098657823666e-02
1.582364720318843107e-02
1.353895812790666987e-02
1.344278515960391565e-02
3.218943004260393839e-03
nan
3.895456273447213489e-03
2.336156203331836781e-02
1.928323443882236322e-03
2.360202571400300126e-02
8.266917108133238837e-03
1.955719934713462393e-02
8.336525969144047143e-03
7.460049656733798266e-03
7.916090739371788379e-03
1.699392029394332718e-02
3.719705396765256994e-02
3.132713708689256749e-02
8.340954466446347942e-03
6.354436494386063970e-03
7.078987002328112656e-03
4.647492610269005932e-03
2.004367799758807311e-03
1.396119228945335612e-02
4.060853818394817745e-03
1.790700377112801681e-02
6.896432833741333868e-03
1.565241207618348410e-02
8.001439064657453817e-03
1.203998055286934800e-02
3.287437618734427580e-02
1.048077205152853075e-02
6.923979717850687991e-03
8.677715872278146322e-03
nan
1.026567498344501360e-02
4.260855566237356506e-03
1.479037834919600530e-02
1.302897518549993132e-02
1.918394051482329513e-02
3.903312929764541500e-02
1.225048869323966221e-02
2.123524674063891060e-02
1.239954907420478744e-02
9.889151405352267915e-03
9.635519865987537264e-03
2.577842850263318067e-02
3.176407718650609002e-02
3.198660271844327736e-03
1.160420075870223500e-02
4.309079420652919996e-03
7.043476366726626400e-03
9.526372934293349248e-03
1.003146020050694337e-02
1.222543226958457303e-02
1.587490594340457833e-02
5.898180904563963926e-03
9.997803882901681871e-03
1.753295759196729295e-02
1.697819512157509175e-02
1.406986437798308023e-02
7.221556992483691220e-03
5.327226654877846579e-02
4.507497324274252481e-03
2.907283896565930614e-02
1.270630239028607521e-02
1.465462982568918777e-02
2.943286420056451681e-03
1.346257475487670427e-02
1.660266042393113151e-02
6.030763331534877425e-03
1.025817127018442687e-02
2.785476254967349241e-02
3.588125530616732145e-02
1.363604938724713271e-02
7.126277386253578906e-03
1.246782264800749135e-02
2.841050644260941817e-03
6.679456660527938183e-03
5.705412155844965388e-03
3.018274574437465954e-02
1.006537994083178331e-02
nan
3.860048945101788448e-02
nan
3.635394174490092639e-03
1.795844999200261333e-02
8.146355562011872026e-03
1.307771811400232007e-02
7.129495407198716168e-03
1.734610853974511910e-02
7.252682546174526491e-03
9.080201183967575099e-03
7.327084151661263610e-03
2.061240231678805254e-02
1.165287183382439883e-02
1.082345092017823751e-02
1.137425628107476862e-02
1.082334291417397579e-02
9.245671356788286860e-03
1.194524492785845396e-02
nan
3.539466996092695272e-02
3.641777220804482025e-03
1.134856778868941450e-02
nan
7.248772405392536061e-03
1.243485605799159177e-02
2.480855213525666111e-02
6.847042321187271456e-03
2.538546446376394733e-02
1.174603155837099233e-02
5.854227046314747218e-03
1.220247900091547127e-02
7.980312484129567854e-03
1.207435615840930614e-02
1.205023005405811767e-02
1.136224004257651264e-02
4.146527046906776752e-03
1.004702363296268788e-02
1.225425290941234945e-02
1.273032810404380738e-02
nan
1.110888812983816185e-02
5.849873962007790494e-03
1.967507839182702344e-03
1.263709224479556310e-02
7.510835128823399424e-03
nan
5.474631300323216584e-03
1.442111920260043777e-02
8.912823044860879174e-03
5.833526307192226854e-03
1.943782635380027907e-02
nan
1.658833374527456106e-02
4.766674866128612666e-03
3.944489555131391184e-03
5.907364673988026865e-03
5.470016767179524189e-03
6.448246071530533592e-03
1.367205089832477724e-02
5.381185713839114690e-03
5.208365981747919461e-03
nan
1.042411145979713419e-02
1.799412363751677624e-02
6.863602117918012058e-03
2.074102402721126476e-02
5.038594029599676415e-03
nan
1.070791891104535577e-02
nan
2.430322149234646206e-02
1.835791609965923069e-02
4.732586322895422637e-03
8.677928832854441346e-03
7.695918562902072553e-03
5.143386937172430597e-03
1.366790332155517346e-02
1.981400924439211120e-02
1.439341881078854551e-02
1.151474592789793021e-02
7.135143584539206142e-03
3.650272858027419926e-03
5.845673946272882116e-03
7.988925086589632185e-03
6.041920715309470613e-03
5.364989976599000149e-03
1.139991819638319116e-02
2.176154739150478259e-02
1.115100089203686050e-02
3.882301669304087655e-02
4.584021996988886169e-03
1.315729179276356811e-02
1.227999338559296674e-02
2.576818285110283723e-03
8.810108539909058956e-03
6.706510624463111157e-03
6.310698252544543439e-03
4.468644638621968590e-02
9.985383597654507934e-03
9.584430919916488156e-03
1.383559148030305552e-02
2.506643662587150490e-02
