1.527297883998758252e-02
9.887765779041201089e-03
1.773194494206528984e-02
2.664837837310929554e-03
1.003850969760310130e-02
2.429040560627837575e-02
4.800587150286307961e-03
5.948523673114936884e-03
3.672514453742833224e-03
1.921085874188416254e-02
3.222890771633085943e-03
1.732801868517611088e-02
1.264208442899229963e-02
nan
3.568026490705789033e-02
2.062752408335690249e-02
1.615524408478133042e-02
1.349766889431259879e-02
1.261307308995011922e-02
2.831007060737676575e-03
1.113137692314393815e-02
3.851861706208307371e-03
2.079159789478185472e-02
1.937672277785354707e-03
2.279436508877205614e-02
1.025421230247867445e-02
3.529443399691995636e-02
1.726360503894220494e-02
7.449295143672932801e-03
6.935765276413846658e-03
9.310062272644498149e-03
3.739485995003101471e-02
nan
nan
6.368201738903987025e-03
7.460270299068820672e-03
3.745578212686177105e-03
2.199303192466155969e-03
2.284287467769567995e-02
1.397144089267185127e-02
1.515089841662640817e-02
7.116287125902332616e-03
1.616332081654307806e-02
7.996425927054032212e-03
1.183300651863380612e-02
4.040160710252269083e-02
nan
7.519665062265507884e-03
1.423848118996733081e-02
nan
nan
1.106074444232430995e-02
nan
1.317801011158680272e-02
2.861821957391433649e-02
4.931506790947291774e-02
5.367331202785641069e-03
nan
1.237726662031291176e-02
2.408112147460779451e-02
2.960479716309727741e-02
2.581848743261867460e-02
3.198039050544972811e-02
1.478365813934080092e-02
1.172507327462301262e-02
4.301011501559483599e-03
2.674043111133905110e-02
9.410938252963187492e-03
9.183430644242544100e-03
2.111347037664500562e-02
2.534352714402273929e-02
5.811209145845432425e-03
9.991222486799735195e-03
nan
1.685527024044193925e-02
1.408799825008751061e-02
3.637840789131902876e-03
5.969519538419632010e-02
1.602249004937348481e-02
4.949625775832516839e-02
1.302188211101353715e-02
2.550756582570154821e-02
3.107800681874851693e-03
1.342709747019057466e-02
1.531407672258064921e-02
4.719875031749120459e-02
2.346370250295364696e-02
2.930019102948005702e-02
3.596236288637737200e-02
2.316315767169781908e-02
6.938154039871087531e-03
1.246896817968699833e-02
nan
5.515103194177083633e-03
1.394494260681298017e-02
2.920516154902091585e-02
9.690438048905592253e-03
nan
3.673278437836968724e-02
1.210123809957763114e-02
4.892460607809805476e-03
2.402116510290627435e-02
1.265119985878892378e-02
1.303529094449487440e-02
6.987479931198008025e-03
1.725464562582668809e-02
7.377135300738626653e-03
8.970003735457449112e-03
6.784136915329554846e-03
1.655384677310350189e-02
1.156891605853569913e-02
1.879089879146906075e-02
1.130527643522971117e-02
1.054907533060146611e-02
9.245671356788286860e-03
nan
nan
4.356675287697009402e-02
1.902423130618902808e-02
1.113612257584948445e-02
nan
nan
nan
2.790183480685646394e-02
7.321718645311791479e-03
nan
2.152345831862319606e-02
1.037185375413813421e-02
1.212462438958664644e-02
8.320955285498114404e-03
2.375849913610915062e-02
1.390641272702426538e-02
1.138900242335664365e-02
5.648941620351168209e-03
1.013211672780429604e-02
2.804038598611707789e-02
1.173875806446784444e-02
7.933551604337302915e-03
1.778643731520827484e-02
6.017307373025204860e-03
2.135999813340267589e-02
1.241960409958433632e-02
6.488433301358264779e-03
7.216460560712574523e-03
5.603603246056301605e-03
1.459359830332974256e-02
1.006188634701825520e-02
4.410613404338400989e-02
1.915745398750796219e-02
1.079575471267889795e-02
2.489162188866557088e-02
4.792124943478978140e-03
2.944424665447414532e-02
7.335445460615248534e-03
5.444359593002528336e-03
1.326209143894643491e-02
1.309165157172040989e-02
4.791726925128422278e-03
3.675709644246249758e-03
nan
1.085786664130258816e-02
1.792027226731995534e-02
6.209007551179591446e-03
1.643664886105138459e-02
nan
nan
2.855367152538462044e-02
nan
2.424357631484761258e-02
1.864354871914270656e-02
5.937336808858502402e-03
8.543420622326712219e-03
1.563977814936219971e-02
7.661443938329671327e-03
2.113275869106765598e-02
2.658220149838361884e-02
2.051528495362336946e-02
1.303870103420548196e-02
3.144998224611478699e-03
1.940461168126345406e-02
7.376163642840226180e-03
1.158946583008295741e-02
1.369694363050271736e-02
4.961774533855043030e-03
2.302251617828088986e-02
3.151778171557043789e-02
nan
3.893538220934377597e-02
5.229931164709340947e-03
2.300789519391226168e-02
1.288461858095149570e-02
2.021424516559294435e-02
8.764443833801729283e-03
1.485059752274037539e-02
5.416980205846855245e-03
4.490463293638945197e-02
9.896837338888277158e-03
9.542713263210864105e-03
1.356096207935475993e-02
2.538516758383435601e-02
